1000 9896
565 793
18 428
347 293
498 164
445 939
337 866
963 946
197 479
533 364
11 605
238 845
630 723
541 34
707 326
987 868
584 539
142 919
34 548
75 400
661 633
332 257
616 140
874 912
928 24
456 777
164 602
934 34
520 498
722 776
504 533
610 620
786 588
126 652
19 422
368 68
578 203
887 375
968 834
981 447
607 84
614 816
740 587
527 583
83 328
107 190
805 49
164 143
511 208
222 157
900 366
558 987
500 359
987 799
737 820
314 751
520 782
61 370
874 487
692 532
586 51
605 373
93 1
761 47
583 418
235 304
736 379
921 223
372 127
19 891
118 827
222 729
832 701
944 295
709 233
840 152
676 998
510 39
370 507
812 230
600 568
395 494
841 818
826 70
720 589
603 280
140 570
954 994
389 341
318 325
158 121
584 123
824 458
919 965
701 963
850 738
561 925
820 958
623 43
829 952
5 150
613 65
990 643
982 158
739 951
811 98
939 169
650 172
17 729
19 119
607 221
4 993
647 521
616 89
501 505
411 993
821 210
610 555
208 731
533 984
564 72
677 343
717 598
131 271
574 33
960 757
725 443
446 692
766 777
855 712
554 181
863 77
562 744
635 418
965 765
801 628
126 571
306 61
675 649
531 460
933 480
827 613
535 428
743 265
230 676
692 633
610 478
353 111
870 916
743 158
447 941
865 244
810 671
336 998
373 277
499 419
154 778
11 911
675 484
549 387
589 598
770 464
438 66
519 303
25 31
903 140
444 727
673 667
76 766
253 50
589 440
463 342
877 637
586 634
517 572
935 285
461 150
840 249
465 211
756 701
738 896
741 47
155 900
925 640
928 388
893 356
860 403
838 739
792 243
798 969
824 196
473 410
241 86
99 368
179 376
200 717
554 484
555 69
526 838
194 503
347 936
344 280
493 841
29 423
499 805
652 703
635 465
504 589
156 814
412 320
969 517
316 164
221 353
858 430
162 881
217 458
643 226
662 834
420 41
505 327
126 305
258 15
405 332
979 405
384 473
277 546
495 981
463 363
429 71
823 859
533 945
721 561
405 46
320 977
870 146
415 133
236 998
332 741
629 841
816 218
245 592
581 982
908 266
16 914
715 784
257 408
527 182
560 223
661 63
673 886
944 205
564 686
102 805
993 624
354 766
800 524
369 475
25 567
495 332
502 601
599 101
30 288
677 811
383 463
703 27
462 911
928 287
518 126
843 652
388 137
319 659
632 210
894 797
273 831
971 288
511 763
94 401
355 71
436 268
458 324
939 415
633 801
715 291
626 329
705 126
927 574
942 637
356 714
827 719
386 779
117 483
852 874
891 708
654 160
974 701
810 418
478 332
835 781
250 311
748 90
269 975
309 802
572 232
369 675
175 485
838 111
641 545
37 452
61 478
912 124
605 129
330 417
131 656
357 968
571 142
111 539
258 309
886 326
888 506
337 276
889 807
618 175
346 490
509 14
257 75
595 245
657 654
806 993
883 174
318 735
944 26
927 867
819 874
516 970
684 84
637 84
51 881
606 833
111 125
834 664
716 724
220 523
958 873
47 586
656 987
15 488
753 345
223 373
319 806
124 222
772 356
111 448
919 759
151 923
70 635
772 267
19 179
80 299
454 885
781 468
86 352
568 479
654 732
78 964
407 22
340 235
584 841
491 385
304 983
311 442
259 7
377 647
724 337
852 142
672 508
156 645
468 151
680 791
745 823
840 733
412 942
219 648
37 279
166 970
671 744
728 946
998 964
396 506
605 372
790 174
303 706
373 304
784 19
612 991
400 780
55 196
420 327
738 526
426 772
524 77
447 622
983 552
340 542
487 665
24 727
153 501
465 443
393 550
968 430
141 620
309 762
1 57
883 285
205 313
278 591
300 19
195 255
620 580
180 585
224 797
336 327
392 633
121 651
431 824
180 611
493 399
901 696
258 938
578 983
267 952
665 87
25 638
411 597
391 539
216 699
117 837
333 264
25 751
962 344
433 910
674 196
553 941
280 475
725 759
82 923
446 456
203 245
95 931
43 780
924 179
526 875
577 98
34 585
591 991
709 820
164 639
8 195
482 6
1000 631
748 877
951 904
681 188
960 357
585 309
820 273
142 317
438 660
576 821
957 392
26 282
136 758
808 200
645 571
669 466
374 341
981 499
733 274
974 612
23 232
305 963
536 436
41 985
44 424
472 599
172 260
373 389
926 677
374 998
638 147
490 227
55 89
707 534
907 200
796 784
456 190
901 751
665 46
962 760
505 855
238 351
720 554
121 679
227 752
572 570
530 694
17 777
129 923
521 393
793 428
686 673
981 543
716 284
739 581
955 640
886 660
445 978
739 978
389 251
872 177
218 72
777 66
796 426
149 507
824 105
877 81
308 380
610 972
940 282
674 573
783 205
587 452
40 897
204 908
278 399
316 822
581 536
325 928
333 265
805 406
61 102
213 795
610 129
425 875
355 486
960 878
987 809
19 598
92 755
364 360
679 739
199 574
810 737
210 789
907 541
819 341
571 500
538 247
645 817
334 338
282 297
890 524
283 528
513 435
197 186
586 324
185 546
956 313
317 753
512 629
783 980
590 526
866 554
560 833
558 460
33 131
194 707
482 800
90 468
354 925
505 883
203 736
203 223
686 483
101 74
768 956
482 711
474 405
366 159
942 44
703 804
315 623
546 225
414 881
660 105
733 589
256 383
294 283
168 923
338 954
899 337
217 734
933 688
642 703
313 406
151 727
561 565
329 773
75 281
755 459
556 744
423 803
463 726
372 953
730 23
643 756
369 149
66 166
852 550
850 218
868 264
464 574
47 245
70 830
865 518
517 501
925 624
947 40
285 721
678 136
130 658
296 150
773 684
649 918
580 910
47 459
252 795
606 190
59 425
192 118
457 118
578 13
847 289
981 427
892 858
624 216
589 938
458 488
738 176
192 276
931 811
418 746
790 114
934 237
500 82
413 549
715 977
185 574
849 615
900 869
650 528
245 642
581 56
452 108
480 381
867 891
998 211
70 714
875 676
324 422
823 924
591 352
613 504
79 444
764 628
664 170
737 436
591 273
501 943
603 431
484 357
152 493
997 123
247 332
375 827
507 483
78 414
430 647
651 834
962 769
929 100
604 930
646 187
575 227
194 26
730 550
90 475
425 916
243 957
311 622
317 320
13 583
514 940
307 854
769 957
386 603
114 372
920 575
939 365
317 433
374 130
692 35
401 126
627 526
33 337
759 21
195 830
174 661
981 11
717 706
485 892
770 612
667 276
247 982
786 506
537 768
754 518
106 617
213 979
822 803
168 76
615 728
690 241
615 325
676 300
184 694
666 326
942 491
566 115
893 583
840 557
182 428
348 988
776 617
905 843
283 555
529 855
123 808
487 267
89 1000
970 803
572 979
258 359
651 452
165 896
908 493
642 1
96 11
884 988
780 183
710 688
309 761
366 906
902 358
281 344
524 172
141 124
765 192
233 55
293 853
986 683
633 438
856 9
270 639
719 672
336 471
104 947
966 891
720 365
646 901
388 925
671 466
696 646
668 628
688 282
7 970
458 552
611 801
441 862
25 671
82 920
858 9
346 805
700 820
575 404
216 329
434 384
441 568
541 181
528 892
946 551
375 323
178 957
624 725
316 787
227 472
283 90
268 654
936 352
353 274
596 458
529 503
19 565
921 637
39 910
867 281
210 524
597 992
139 520
675 938
268 492
198 117
899 18
222 895
460 816
212 177
984 394
141 203
398 714
684 955
390 554
917 715
684 586
277 364
497 31
218 205
136 932
712 643
529 819
412 849
639 914
383 750
757 445
261 696
409 973
465 675
193 806
361 452
785 602
325 289
491 569
991 892
561 499
10 331
680 479
419 309
777 342
319 340
457 731
471 470
483 599
963 193
836 81
712 95
204 996
741 476
172 976
483 420
870 304
637 27
452 489
825 913
613 751
673 197
87 175
256 259
904 495
647 329
517 142
501 480
158 430
166 470
77 647
262 632
601 916
778 386
985 373
878 488
240 268
762 641
851 944
1000 278
229 588
69 743
930 545
734 747
688 755
856 373
910 86
235 656
108 418
805 260
256 847
496 68
714 974
734 261
615 514
322 627
966 168
804 723
52 664
628 959
224 461
155 145
374 263
95 491
663 705
453 473
654 484
895 112
128 690
239 764
296 872
813 317
814 238
178 372
842 223
699 314
97 396
1 326
76 830
955 5
404 773
644 201
334 450
483 772
317 752
31 38
287 968
140 670
841 895
950 139
488 804
704 545
462 465
262 202
965 454
309 418
556 165
946 401
745 100
357 406
380 985
631 6
626 929
418 250
616 357
428 455
160 941
931 424
716 913
711 617
342 500
180 471
595 849
860 625
873 296
354 11
613 903
725 573
393 138
149 345
604 590
18 361
825 143
424 528
774 305
263 821
345 50
753 157
184 240
332 280
400 440
132 7
995 57
668 241
271 754
246 493
339 573
526 211
428 922
821 923
969 598
751 604
687 964
669 729
356 756
583 119
655 282
89 471
628 876
312 626
478 163
740 594
814 441
652 556
994 81
412 725
966 148
939 582
883 854
24 769
131 103
633 771
504 841
545 565
992 280
734 3
828 92
331 540
459 547
539 211
992 861
627 106
314 697
334 316
22 489
278 839
211 416
304 206
12 151
144 295
998 65
729 716
806 916
185 942
205 275
775 907
708 446
162 454
873 394
927 877
784 501
215 79
971 821
220 743
372 474
724 695
603 430
988 764
973 112
332 888
439 692
632 334
219 470
147 181
739 527
995 409
856 252
720 160
13 409
778 59
51 446
68 608
696 969
769 515
459 165
703 142
265 508
933 949
237 488
117 562
67 731
616 143
501 403
624 682
112 932
925 777
401 14
184 490
577 149
652 577
800 180
895 837
773 356
737 623
882 592
842 224
994 118
79 648
320 105
33 197
967 329
151 298
539 78
425 674
227 746
729 364
221 472
810 535
387 378
905 761
374 766
382 213
533 377
184 806
700 36
486 119
417 604
325 443
6 526
888 425
313 796
10 453
764 44
266 939
12 187
951 323
900 858
907 174
286 185
861 315
275 584
497 616
392 748
466 805
470 933
955 299
333 83
758 732
644 582
539 625
181 175
972 622
537 191
593 773
445 746
164 663
447 44
881 556
312 289
955 521
116 571
280 950
137 491
212 937
380 231
627 350
954 690
829 550
320 538
449 442
100 833
439 652
548 846
353 304
792 440
521 222
425 177
777 36
948 59
824 9
695 798
354 232
616 235
763 12
856 666
786 61
701 334
518 652
867 58
151 877
820 364
87 703
92 971
933 139
239 916
461 314
549 559
45 96
456 518
308 559
278 195
207 347
120 627
908 846
529 391
583 204
532 894
257 580
169 368
559 39
600 44
175 302
54 597
974 618
645 586
120 849
407 651
818 46
177 190
213 325
876 376
469 702
898 118
537 686
205 616
297 613
64 360
173 202
690 500
21 23
112 548
22 401
297 758
337 449
749 808
550 987
646 538
817 72
214 760
944 406
381 9
129 78
183 311
279 768
711 977
341 176
841 723
293 840
100 326
500 728
821 998
609 712
183 469
404 422
426 314
389 438
262 972
979 554
581 674
512 471
72 334
272 880
475 795
403 230
132 556
825 1
843 322
555 152
829 985
578 731
108 622
933 619
863 750
901 461
460 179
669 33
618 603
964 611
783 371
713 805
735 288
494 502
713 950
203 96
39 766
959 953
104 507
257 319
790 697
437 911
576 629
1000 565
982 357
399 319
838 268
462 368
107 234
568 264
786 451
960 498
65 274
526 385
620 36
456 689
777 717
607 318
131 923
779 999
652 367
992 946
563 813
68 501
110 776
442 206
101 587
837 71
659 923
201 189
440 995
646 631
786 289
229 145
918 891
814 824
673 676
103 403
72 61
992 510
977 366
137 615
506 846
345 708
128 454
256 83
440 472
765 120
34 88
988 793
746 557
935 258
155 694
132 573
647 398
125 778
676 622
695 386
419 671
648 595
239 653
78 384
523 277
851 640
19 700
525 895
51 564
786 577
894 550
522 932
759 380
48 578
802 311
768 331
199 645
94 517
651 518
303 379
352 260
448 294
708 588
394 692
364 906
751 750
459 998
632 862
282 949
855 540
400 456
776 51
375 210
249 303
710 492
292 349
844 354
384 925
481 396
619 930
766 983
749 283
148 892
684 862
84 78
106 898
303 812
608 576
880 165
904 693
779 515
943 892
502 452
287 205
126 336
336 786
80 940
852 442
980 247
639 18
224 167
851 2
869 280
339 342
144 280
400 690
811 656
831 733
82 76
429 313
106 70
880 609
59 964
704 415
542 915
103 439
63 508
849 747
774 326
499 186
871 946
195 149
767 621
977 852
335 721
571 457
752 933
513 89
192 422
57 453
129 848
612 689
314 476
445 566
925 204
727 64
703 939
744 152
601 561
104 119
51 528
968 960
806 416
498 819
29 207
949 408
535 851
204 97
333 579
652 909
484 753
643 722
347 683
521 231
430 392
969 992
914 814
36 521
103 234
716 155
174 667
245 687
307 118
342 796
610 869
151 185
305 617
539 208
481 424
465 867
771 942
696 501
58 914
165 862
352 699
173 451
162 948
914 868
516 311
866 940
10 736
482 933
980 164
876 277
514 304
988 383
329 46
387 650
151 381
780 83
73 465
610 280
6 527
968 448
548 70
110 691
127 755
384 307
701 544
561 469
48 224
874 20
547 134
675 93
676 994
756 16
149 29
816 229
798 277
135 97
417 302
556 319
862 924
48 462
391 886
875 531
72 452
917 218
578 185
495 450
43 325
81 10
355 631
877 550
94 784
954 849
848 308
404 370
315 937
376 875
153 689
67 216
109 333
60 887
920 976
722 420
351 479
231 391
485 474
549 872
531 822
345 335
806 460
535 774
976 39
825 682
545 987
855 881
290 587
535 887
96 774
668 276
639 803
804 884
95 61
192 112
100 965
108 440
274 486
259 326
559 195
117 646
373 812
765 795
505 220
236 20
467 397
257 697
367 393
598 302
251 433
553 511
917 902
847 709
403 980
260 971
84 23
395 612
732 651
325 235
307 368
808 203
240 829
611 798
424 180
192 176
984 396
199 599
149 81
106 877
801 987
35 299
81 537
525 436
362 2
625 648
112 549
700 190
997 620
619 438
663 156
864 447
443 316
860 270
601 490
358 425
676 774
327 826
573 201
291 352
336 663
903 25
546 502
180 552
37 989
573 763
333 118
924 703
742 146
564 726
461 146
873 210
565 812
893 143
293 937
920 957
426 202
891 402
341 957
405 793
743 358
405 684
299 473
742 591
553 910
131 900
27 499
372 928
748 543
964 620
535 923
4 961
256 339
7 718
956 547
919 425
904 94
360 518
416 808
364 54
806 37
386 688
498 684
616 343
869 907
620 263
838 714
27 778
93 385
535 750
57 667
889 354
355 410
322 625
876 40
933 63
934 840
64 56
709 728
446 950
303 779
622 559
734 37
205 809
611 826
648 304
454 561
745 780
950 682
268 891
35 374
199 571
257 976
542 333
852 423
469 849
842 221
914 702
384 477
112 498
644 619
719 177
22 451
374 598
395 255
345 952
452 996
275 933
586 809
880 582
432 200
775 929
776 769
697 921
202 929
692 703
263 226
11 141
413 785
529 712
659 745
536 284
422 577
833 814
261 461
872 724
64 817
450 278
474 400
310 778
952 292
484 105
731 870
968 854
494 198
908 474
582 881
364 598
492 419
670 212
412 252
164 845
899 754
706 152
462 770
252 338
570 287
40 578
207 734
868 164
174 525
411 941
587 276
881 55
356 279
725 398
139 999
484 572
527 184
910 48
550 900
805 294
934 138
596 413
127 309
439 223
593 933
23 478
136 290
800 281
857 984
452 516
852 229
247 749
554 939
297 386
726 111
283 723
50 250
583 292
306 336
70 249
866 888
614 506
80 941
602 814
453 144
435 701
304 192
267 468
768 607
70 411
715 852
440 896
239 496
3 494
171 624
986 313
449 886
232 610
21 30
557 60
962 652
599 705
417 257
78 80
940 91
337 42
211 625
195 148
488 170
663 523
462 674
343 229
604 394
494 115
922 387
926 188
843 590
517 897
275 490
478 550
760 756
105 449
199 379
770 274
627 324
241 129
42 434
467 707
457 565
415 568
930 389
877 381
869 656
342 240
470 293
218 258
535 963
277 959
332 318
827 258
105 652
274 387
98 223
191 602
216 142
714 949
861 546
365 467
613 637
126 512
911 738
299 967
992 686
576 813
350 456
737 734
810 386
946 66
972 457
841 360
549 39
21 278
148 640
991 726
558 847
482 930
358 209
692 529
72 954
148 631
347 185
996 851
253 854
560 558
278 865
686 98
428 40
746 841
286 300
453 261
310 438
112 649
921 83
430 527
605 425
20 783
516 884
388 747
7 3
979 818
680 768
712 983
437 162
628 75
461 28
119 576
712 38
401 753
661 115
276 215
918 514
617 111
444 925
194 808
879 43
935 453
539 932
96 586
261 150
754 682
380 114
329 992
327 661
901 326
886 652
663 862
751 63
259 538
151 536
483 248
156 178
198 541
60 598
322 217
416 926
588 28
735 351
779 59
722 854
173 707
941 627
752 285
900 55
99 134
504 566
550 670
213 146
89 412
329 397
348 639
865 579
779 799
597 124
869 427
1000 618
287 255
851 688
53 746
292 406
493 531
645 406
355 462
212 77
50 416
89 702
95 496
154 450
27 880
174 1
303 743
676 323
509 398
369 422
273 464
443 992
690 99
13 270
311 41
463 402
215 461
663 293
903 378
872 844
227 887
780 199
200 611
116 165
614 236
542 601
287 870
881 787
683 126
440 551
513 645
629 993
278 623
870 469
609 349
662 449
242 862
388 606
299 361
587 862
402 686
755 36
737 497
665 332
441 674
579 498
941 647
641 203
989 667
313 106
349 892
82 601
449 378
186 587
526 553
268 873
506 748
638 525
967 937
271 86
754 54
630 749
167 161
579 161
137 150
35 994
889 857
276 325
273 854
346 772
844 11
442 967
183 422
631 205
179 348
860 829
458 301
989 147
4 81
208 700
887 20
47 221
390 325
401 59
439 246
776 25
184 420
539 234
979 483
942 725
377 437
288 450
736 764
311 510
645 394
502 996
779 904
817 920
162 906
457 94
243 894
774 909
244 818
340 269
1 441
273 444
922 35
870 949
875 1
141 381
244 208
102 146
79 134
229 187
67 710
909 969
842 444
846 348
405 154
390 454
798 451
49 192
858 630
306 753
185 768
684 478
81 183
263 221
50 746
751 342
21 475
210 134
264 719
377 842
600 787
91 152
359 721
321 403
963 988
566 363
803 615
109 276
163 644
699 566
591 716
176 223
322 127
711 507
937 586
129 645
77 711
882 746
485 610
986 185
492 322
735 262
566 548
18 6
866 322
311 585
636 824
39 621
635 496
799 795
855 655
678 140
965 867
95 298
265 897
161 848
130 257
684 856
577 424
44 801
912 339
861 784
398 534
991 765
443 955
373 182
49 288
541 403
698 703
923 482
467 218
22 492
201 351
440 897
780 143
799 125
395 107
125 488
417 407
271 564
664 912
91 513
383 22
63 950
161 148
305 378
309 274
306 919
758 759
870 413
211 624
656 675
50 654
306 868
901 591
155 805
392 465
676 272
158 184
821 280
968 228
256 252
66 865
722 303
100 495
997 103
47 736
251 781
703 868
881 662
794 979
446 70
176 422
216 595
417 639
996 48
439 716
912 981
820 198
364 321
146 405
965 787
477 290
138 241
122 871
970 123
412 487
218 964
448 452
152 988
729 38
251 294
288 300
646 12
443 648
722 917
961 203
579 548
230 592
250 114
621 161
274 674
442 576
359 389
508 961
562 417
780 922
829 165
596 144
870 531
376 307
433 156
509 489
79 939
652 305
619 174
197 92
550 720
808 15
430 818
657 286
609 229
666 100
850 265
661 449
728 725
823 222
699 468
183 191
499 122
746 985
620 562
470 585
591 211
689 111
381 211
608 25
147 391
913 711
478 907
999 69
485 149
824 609
719 684
337 934
117 1
555 115
276 839
793 475
416 322
471 292
823 563
310 490
25 754
784 735
700 833
320 541
753 224
47 986
560 977
128 631
678 776
130 786
402 15
132 164
338 913
815 481
63 332
265 585
229 596
378 382
105 734
89 193
414 766
222 295
528 880
873 705
911 803
680 587
237 346
493 752
919 500
249 372
87 696
184 393
313 747
322 619
565 477
161 943
861 950
607 182
954 297
620 451
442 927
805 223
2 284
577 400
874 434
965 793
415 504
71 394
775 520
904 591
524 776
525 33
547 505
736 430
918 112
97 100
469 738
562 38
207 632
73 499
480 204
24 649
611 591
405 20
742 295
604 284
115 249
277 74
336 762
922 273
268 878
159 170
417 530
271 620
755 777
828 587
944 72
250 927
324 506
381 247
183 417
647 22
201 567
346 193
2 533
485 282
179 62
949 139
825 917
155 922
446 674
859 178
994 919
441 781
886 745
333 295
461 498
669 141
817 666
929 32
547 625
579 602
863 747
609 792
705 729
30 744
269 400
665 911
575 436
887 102
246 362
137 230
856 714
237 429
312 892
67 29
759 40
563 453
854 196
748 831
255 345
94 217
222 402
773 802
675 876
605 755
625 157
753 928
762 990
984 76
397 159
824 736
681 44
192 111
174 947
212 98
88 176
396 89
182 590
454 483
896 128
979 192
800 477
486 976
452 704
383 424
633 69
128 549
537 655
166 785
978 267
906 636
323 706
620 852
767 135
509 243
827 549
153 7
638 176
107 696
849 399
141 687
110 472
540 198
647 229
523 134
590 977
172 154
689 256
673 923
388 942
346 165
453 655
916 105
356 94
581 643
806 552
483 341
910 762
159 706
219 383
241 267
986 465
724 849
693 27
363 648
644 433
241 116
424 532
920 697
373 607
320 581
915 855
597 479
152 594
464 676
321 45
394 691
954 947
643 520
860 770
811 334
795 837
706 440
213 216
92 799
659 311
882 552
408 885
745 972
304 646
841 481
640 884
629 322
97 849
11 513
28 481
785 218
62 863
163 346
734 7
300 993
118 888
16 910
953 121
774 761
97 51
493 80
358 186
675 324
487 482
491 999
314 820
847 66
558 19
45 964
743 45
429 421
125 374
951 32
348 27
519 732
98 974
634 748
175 694
958 727
206 24
581 948
665 489
793 220
617 609
293 686
301 909
927 873
819 880
180 738
179 619
497 930
833 776
322 408
475 983
722 300
150 845
697 154
975 915
546 113
741 997
345 368
509 573
725 733
542 509
359 883
488 360
859 363
808 775
19 96
720 51
780 39
407 473
730 244
347 684
632 782
321 9
745 453
53 498
778 561
965 625
472 58
127 346
748 950
181 606
388 280
49 528
857 905
994 697
979 410
17 195
753 761
259 154
98 430
378 654
35 419
842 49
844 615
258 94
921 390
6 736
766 720
782 661
453 225
625 528
275 769
918 85
199 122
634 302
861 816
624 328
92 470
20 555
225 243
478 735
765 544
357 790
84 690
733 91
297 851
104 523
780 172
432 2
991 4
128 779
768 139
239 135
21 48
8 881
405 209
244 303
104 666
176 7
569 560
552 674
419 493
615 377
618 431
286 95
153 33
347 95
441 22
314 205
371 853
389 350
617 109
600 861
640 180
45 164
811 189
759 515
305 355
961 52
998 429
827 463
177 909
164 929
436 910
189 594
81 297
247 476
171 291
844 146
972 991
241 163
829 546
354 386
905 18
264 998
686 873
564 305
506 313
199 342
878 465
852 756
320 397
816 514
191 410
450 768
164 534
91 542
536 262
222 292
422 218
481 638
668 134
450 620
472 103
308 277
490 631
71 214
807 674
407 48
691 509
353 134
596 326
804 267
986 690
672 653
191 943
710 213
435 473
990 357
573 195
171 783
789 252
466 449
287 189
704 141
707 766
559 257
470 648
785 460
898 229
610 315
911 574
707 655
689 168
192 448
272 829
305 759
770 427
261 564
443 305
928 991
671 121
245 634
233 133
774 990
879 762
1 31
612 903
25 145
906 778
745 226
298 730
595 800
618 387
931 290
159 581
254 975
202 874
497 874
573 873
850 814
877 519
660 83
882 159
367 805
613 29
315 950
372 653
945 423
848 418
704 902
765 291
130 836
203 774
21 633
981 891
160 211
895 709
332 497
117 581
941 841
395 793
403 678
248 337
291 649
471 783
442 807
978 821
958 359
875 455
268 687
415 552
218 538
862 195
57 664
277 727
634 162
227 328
819 12
227 729
576 134
919 110
390 540
692 548
914 554
594 534
953 797
562 120
818 206
658 551
36 151
202 379
790 104
993 92
867 615
374 597
895 349
291 35
859 295
45 129
798 449
767 996
42 921
168 724
958 651
387 882
618 84
655 745
822 74
840 420
864 188
93 518
264 610
525 921
105 200
551 921
4 773
367 200
902 77
760 876
928 584
431 623
912 785
440 402
820 893
289 243
860 590
761 931
560 274
155 534
858 91
198 712
548 819
473 511
293 684
920 698
260 443
961 338
869 377
445 144
565 80
821 198
416 101
329 664
848 172
811 304
99 482
145 254
878 376
40 980
520 478
209 759
283 104
526 212
838 666
387 214
460 512
136 342
204 24
85 164
848 518
948 285
678 130
516 57
592 463
956 800
994 111
795 98
710 371
892 626
749 279
622 607
165 934
738 104
41 232
792 944
888 581
818 912
305 803
181 753
680 945
496 722
39 802
387 261
616 739
965 976
213 539
934 597
791 180
206 460
649 715
852 454
698 556
844 802
447 627
653 260
712 704
284 836
775 881
617 709
33 628
880 613
359 666
756 56
594 175
759 875
405 188
138 473
330 954
401 889
770 258
836 801
410 612
135 500
817 229
323 108
458 973
213 235
332 998
328 411
685 806
7 830
275 382
920 73
405 527
823 920
290 321
755 143
795 740
831 226
875 639
373 778
859 253
806 420
458 574
403 575
703 36
66 43
748 723
655 129
536 303
922 507
514 654
721 414
504 686
946 573
113 174
350 173
577 255
481 706
63 802
252 599
400 296
256 780
39 531
117 351
722 915
818 850
1000 625
382 621
883 904
352 704
478 128
363 64
606 156
42 526
934 919
792 908
278 171
250 338
642 326
74 132
727 873
927 379
567 896
3 273
387 654
939 973
153 996
88 391
179 624
92 471
607 528
462 193
562 147
28 795
743 443
768 574
841 557
315 481
462 112
174 420
292 535
538 971
541 139
577 871
485 2
949 915
452 221
163 770
909 753
860 353
293 800
555 405
521 517
912 364
209 81
855 446
87 16
750 336
487 858
757 235
594 324
560 508
820 902
266 507
707 12
446 96
217 792
407 399
394 534
489 940
682 197
868 232
273 574
321 123
319 720
160 39
659 79
164 535
881 99
365 146
313 527
61 889
299 556
726 117
181 85
801 290
780 645
70 745
735 233
973 548
486 633
503 437
36 696
320 219
196 934
32 847
288 441
57 748
574 267
311 822
524 548
355 499
168 46
44 641
481 57
671 548
831 960
265 808
692 577
143 779
511 333
188 160
692 752
127 957
40 375
962 958
248 250
466 81
720 884
637 721
672 987
306 633
291 407
721 606
546 653
166 981
361 904
318 956
963 425
177 492
909 563
551 662
163 849
550 815
475 195
888 168
732 489
794 708
228 792
818 749
452 320
882 269
721 905
870 298
375 840
765 448
535 199
720 335
369 311
521 434
149 465
553 865
76 186
596 961
78 472
320 716
730 907
570 816
95 913
151 569
100 135
553 515
132 154
596 679
797 152
47 873
70 698
342 831
327 41
722 825
616 204
645 213
44 944
572 840
251 480
472 499
307 129
40 791
222 35
867 170
709 563
838 345
641 819
17 249
934 844
24 811
259 68
80 679
876 187
252 893
676 977
787 602
738 52
313 999
66 207
410 75
691 246
231 17
165 206
819 929
88 464
865 40
519 613
701 642
210 927
415 252
167 591
774 573
315 440
135 237
581 77
943 554
876 639
880 634
774 460
131 602
121 618
214 537
984 936
641 409
309 315
456 193
516 847
902 518
977 353
690 582
641 10
572 614
10 75
546 137
197 648
73 954
661 281
494 202
115 70
833 588
464 489
121 934
929 81
323 318
569 442
56 227
661 394
111 327
324 924
471 607
755 464
994 552
83 891
584 744
472 770
853 474
665 873
958 38
691 745
947 787
313 583
902 537
942 538
308 617
425 942
184 439
562 729
890 186
304 809
621 186
951 969
238 762
44 811
170 634
335 292
13 224
732 728
171 441
443 847
908 787
31 972
88 142
325 175
340 300
417 729
605 360
168 373
687 262
529 876
269 681
54 641
37 605
679 994
24 596
337 499
638 323
968 299
418 852
980 466
124 588
345 777
625 805
242 643
538 547
529 543
515 476
61 224
626 756
962 571
103 515
471 63
402 610
920 219
745 74
275 385
459 492
208 172
337 968
502 514
941 705
329 968
739 565
132 429
608 585
684 179
929 125
566 330
32 527
65 887
313 137
18 327
381 737
166 549
138 636
748 4
570 603
130 956
427 58
61 852
450 685
972 234
667 380
833 148
192 796
382 146
782 95
382 515
825 504
147 740
166 256
903 825
902 660
796 143
302 320
31 642
913 109
363 178
131 56
96 705
5 543
709 288
65 300
260 330
377 114
305 765
507 755
352 688
459 628
978 540
304 563
363 722
453 94
715 263
883 681
23 220
482 958
253 993
415 406
733 439
58 753
535 97
538 135
850 373
580 542
490 100
771 791
650 940
619 449
289 540
16 820
839 700
698 944
590 706
628 433
421 867
230 253
693 763
487 742
181 407
954 137
817 183
383 934
741 336
408 92
872 641
926 482
569 679
591 498
684 48
152 417
442 219
279 984
121 892
677 905
552 962
635 531
985 576
181 75
297 109
773 375
425 409
212 951
341 789
177 796
930 306
78 620
9 43
165 424
829 657
260 124
104 374
622 984
215 514
143 289
476 770
350 255
985 444
904 167
557 787
248 865
51 190
107 180
707 144
669 746
656 548
377 300
657 802
605 748
52 796
368 153
645 257
351 864
210 628
541 464
653 822
529 488
412 740
817 14
166 447
888 527
691 108
954 561
472 310
952 512
614 676
335 397
912 158
491 131
398 717
495 587
889 20
616 828
893 612
736 834
935 835
865 3
27 658
871 45
99 689
549 313
642 77
893 838
504 329
658 739
847 181
832 658
814 806
604 388
141 648
474 359
550 812
37 887
223 864
560 812
832 513
710 550
380 861
918 947
700 573
834 566
117 421
397 788
487 1000
751 175
57 407
609 706
168 792
190 341
614 61
154 727
116 613
355 743
780 662
108 981
678 585
319 133
830 276
155 524
636 451
375 105
603 138
803 988
384 638
902 784
134 430
341 154
787 48
790 849
290 440
848 194
904 244
152 633
194 460
761 592
344 400
882 688
647 778
856 491
434 129
50 476
455 277
437 826
496 458
771 651
694 75
477 832
274 745
115 749
210 747
905 601
66 583
364 252
735 883
849 960
331 617
922 956
425 764
156 628
643 122
719 271
634 501
62 890
266 449
547 406
704 235
475 144
396 265
827 215
444 541
249 691
842 440
970 757
149 48
366 182
543 128
927 225
169 666
290 230
219 180
864 207
737 311
167 684
171 297
525 518
250 958
971 782
147 448
719 752
944 198
470 854
772 964
976 823
759 596
299 26
295 101
817 473
910 590
882 129
294 275
333 375
263 524
413 447
696 837
368 662
906 352
319 821
485 541
103 930
535 837
517 842
396 22
90 382
532 265
130 985
815 410
748 911
592 163
631 66
562 583
622 771
878 745
653 95
377 484
814 448
979 135
710 369
514 516
752 7
329 218
612 451
376 283
894 506
388 245
236 383
164 236
37 378
41 895
620 149
857 765
362 165
969 411
316 278
249 877
88 429
905 928
772 992
859 533
519 529
862 648
957 908
308 44
618 148
304 84
10 266
836 242
429 324
713 329
971 861
589 486
92 130
419 498
573 717
243 22
318 708
546 315
641 21
881 936
815 917
51 888
489 267
487 816
436 774
453 864
560 466
410 949
200 449
410 817
169 534
285 780
390 645
51 534
712 380
289 157
532 207
381 527
534 917
823 154
765 745
472 880
56 111
627 760
649 510
800 894
568 138
329 698
535 925
365 172
259 707
591 962
479 420
616 246
1000 341
658 391
17 277
644 182
169 210
820 73
719 980
799 874
308 675
147 743
249 205
787 951
57 726
633 695
740 637
27 336
264 408
66 540
286 853
126 404
326 74
28 448
490 323
436 102
519 910
220 508
795 366
343 610
162 367
666 497
562 62
447 512
361 327
602 783
460 389
288 859
111 631
520 534
392 949
101 397
362 955
399 722
87 715
2 888
168 624
850 148
281 183
928 950
638 207
487 737
716 813
91 652
71 998
189 939
723 335
409 795
328 965
883 149
686 432
530 824
358 737
290 385
474 418
573 834
673 832
342 341
287 572
333 430
281 755
826 830
90 101
843 609
742 187
702 420
80 83
19 421
488 539
394 389
332 914
240 393
566 671
186 547
26 828
172 530
564 316
69 890
603 222
881 400
420 861
47 855
428 827
14 132
489 803
420 635
772 464
352 785
60 292
247 876
947 842
274 480
563 282
781 495
968 154
473 832
40 829
421 480
39 561
465 833
186 920
250 261
639 365
921 502
287 297
700 86
370 849
852 393
391 383
451 528
412 826
414 230
510 13
368 484
63 647
146 512
447 548
908 58
837 108
90 739
344 527
990 394
439 128
957 579
483 784
279 571
738 92
453 484
6 892
617 643
159 150
680 455
404 79
977 379
618 127
971 869
842 615
458 944
684 221
764 948
581 794
51 771
362 704
401 720
310 800
29 968
67 45
394 327
234 518
253 298
403 239
538 638
280 354
63 57
67 186
414 941
453 969
526 562
29 234
531 856
968 542
678 729
762 550
778 259
247 82
748 533
179 306
786 886
146 473
984 398
296 502
773 12
428 799
621 434
70 696
293 607
806 204
240 147
385 624
748 827
288 249
531 167
808 480
19 379
277 867
244 746
173 722
669 717
377 463
710 507
948 260
109 768
972 386
814 421
201 874
878 556
80 665
579 37
50 65
657 47
662 856
447 939
784 950
33 867
913 854
259 497
308 808
274 904
477 143
116 369
120 884
529 134
641 588
373 329
951 427
625 573
715 556
455 230
303 921
106 109
107 700
783 991
715 957
920 291
663 693
965 317
129 163
404 99
693 419
487 958
936 732
411 836
332 392
107 941
270 575
163 941
111 608
655 233
974 295
371 782
987 543
83 220
897 320
370 538
534 543
369 465
332 163
466 44
613 62
77 742
209 296
797 423
506 666
342 12
471 744
654 958
995 498
925 3
290 538
282 666
255 539
751 646
40 584
203 180
227 58
744 976
948 47
213 115
861 679
553 654
130 585
960 664
808 476
765 776
914 216
296 159
481 389
909 467
939 356
547 250
719 460
22 788
179 891
826 967
404 604
611 860
853 647
931 837
978 73
205 600
378 584
785 504
990 435
997 605
500 91
983 542
269 568
579 313
2 917
721 523
580 474
104 531
94 266
379 651
27 547
975 538
756 59
95 87
63 957
750 601
418 52
922 423
550 356
465 119
582 538
779 498
971 813
419 578
225 663
63 147
581 722
399 189
294 429
149 422
298 800
190 274
661 837
368 548
42 301
446 75
854 324
87 367
643 829
327 316
299 295
216 455
125 1
161 346
34 712
843 674
511 560
534 773
276 637
134 631
636 123
434 405
425 238
706 105
319 526
146 176
937 331
973 573
482 120
874 790
379 206
361 889
947 926
855 569
900 488
227 308
800 204
361 778
807 523
918 593
463 241
106 606
912 293
306 12
81 62
648 383
558 998
637 887
670 912
675 518
491 153
516 318
519 905
453 245
559 504
525 56
419 85
349 396
316 315
432 472
430 823
681 667
865 86
900 947
153 82
988 148
276 264
150 289
372 241
452 614
361 96
594 142
48 118
581 916
909 669
953 165
285 98
347 34
366 770
858 292
906 8
493 389
793 301
449 743
157 174
500 518
510 652
488 197
224 629
780 748
432 578
734 843
381 417
298 919
850 616
233 634
631 374
134 448
707 414
967 848
806 342
40 625
60 620
925 380
865 551
825 312
493 858
114 657
202 491
565 262
495 561
665 35
619 581
296 200
61 88
961 170
209 845
856 384
766 903
131 831
417 933
58 945
334 674
875 138
683 455
678 427
296 885
484 853
728 920
508 704
948 869
898 78
964 479
927 725
3 274
934 739
205 753
97 488
318 976
710 890
586 828
992 123
41 737
536 254
229 332
945 907
906 311
684 496
558 297
462 450
229 477
761 881
987 161
572 605
230 747
343 58
552 529
720 435
849 209
372 538
444 959
708 156
485 261
111 191
350 669
360 874
632 398
206 737
292 828
11 469
473 498
252 103
863 577
664 393
294 324
207 941
206 528
748 647
643 885
401 386
347 458
673 62
142 939
74 549
281 921
618 978
32 17
969 976
90 267
446 716
873 672
322 422
30 911
228 289
596 384
647 772
27 135
100 631
273 771
257 490
434 191
915 428
386 826
259 56
579 739
490 742
622 583
538 424
369 547
923 254
304 622
395 953
987 803
507 701
364 354
849 966
701 957
596 213
409 229
749 593
252 724
532 905
511 354
867 538
945 111
101 738
338 212
528 428
322 925
767 61
804 9
152 997
993 80
390 469
805 929
789 300
663 327
611 622
975 465
874 196
269 612
708 323
11 53
837 353
875 690
72 37
290 228
110 477
129 162
811 586
24 336
380 867
237 550
920 194
449 574
22 554
685 847
506 552
290 313
825 485
275 471
441 963
884 465
333 373
985 702
531 774
909 917
661 407
104 739
464 379
318 106
910 366
198 716
237 106
403 488
597 506
178 536
469 283
180 254
952 15
921 960
544 361
874 928
69 706
655 79
455 469
756 856
481 698
193 238
526 216
393 508
51 248
930 717
880 352
339 860
577 128
774 254
502 248
914 217
348 573
609 641
446 970
107 206
144 852
955 381
131 110
353 194
412 605
567 523
328 384
239 682
652 132
924 740
874 503
109 662
911 549
478 597
351 745
525 100
352 100
499 503
67 539
33 927
380 562
714 318
20 643
385 26
23 520
816 354
944 311
548 185
770 367
24 373
225 436
153 407
135 99
410 622
853 826
750 606
141 718
828 520
794 648
337 35
449 617
654 948
345 552
642 964
113 516
718 107
815 919
627 737
676 273
251 658
281 527
346 130
648 744
225 775
635 520
85 551
788 29
459 382
925 117
858 136
695 623
897 476
4 866
315 867
178 685
301 655
930 412
682 237
275 209
114 283
9 925
502 850
13 637
655 50
477 528
994 698
596 730
155 276
787 219
826 703
893 368
726 988
820 401
311 542
373 961
763 345
342 580
862 159
437 474
170 605
321 735
585 570
527 955
287 422
236 462
199 730
644 869
866 53
792 912
524 659
672 358
98 712
456 753
787 663
126 372
936 202
192 330
151 763
68 309
287 85
589 725
275 885
331 785
651 510
317 734
727 587
70 510
367 328
828 718
814 777
746 963
448 642
471 254
774 395
780 824
950 72
703 640
733 477
208 909
537 134
977 63
741 430
264 574
744 111
267 949
159 611
660 68
301 233
185 28
494 22
349 785
906 196
856 807
413 500
324 561
958 72
717 6
664 430
938 309
635 901
821 24
204 188
556 795
578 383
27 495
77 279
32 391
565 99
406 577
742 302
338 907
138 543
692 410
804 892
750 144
18 57
381 883
899 576
442 925
811 451
378 235
880 345
937 166
518 645
112 664
840 951
639 521
489 184
507 946
201 739
657 176
800 103
259 108
482 895
368 445
911 636
793 513
576 191
499 736
540 282
762 166
448 802
302 61
178 503
130 635
672 753
415 119
127 953
954 487
516 418
3 517
440 976
865 113
338 19
357 821
624 504
918 852
81 819
561 489
779 446
362 812
626 721
73 727
275 623
78 858
334 142
124 742
968 68
197 967
976 959
738 690
686 466
506 930
380 975
609 711
973 94
132 578
501 877
33 387
911 472
768 815
219 504
756 641
812 371
435 171
446 177
458 739
702 326
542 431
356 134
998 733
125 607
753 286
865 932
111 412
83 867
561 663
32 419
730 6
612 38
649 52
498 962
854 111
564 353
312 770
276 677
155 476
814 533
327 186
294 769
652 691
155 77
670 700
549 821
382 606
933 86
257 669
644 31
45 534
283 417
545 950
107 229
164 356
383 112
365 549
779 808
944 960
822 993
936 100
791 62
739 377
283 719
925 820
388 536
184 888
480 159
867 541
904 529
154 80
118 641
103 87
383 295
301 112
799 241
219 81
144 309
435 726
437 10
429 460
767 786
537 435
791 482
962 672
580 375
710 758
219 436
241 593
224 169
997 874
413 154
696 618
343 217
863 902
419 569
199 510
56 888
953 238
972 830
789 848
574 734
719 531
685 735
327 719
488 483
826 471
997 302
896 848
51 428
184 11
536 800
494 296
260 416
530 450
94 413
354 310
687 744
563 438
378 176
921 880
630 482
632 871
798 578
808 478
701 141
596 421
728 277
835 731
31 682
847 386
62 699
735 946
187 632
509 537
176 582
356 988
785 220
625 413
130 395
206 422
376 397
636 763
31 857
951 280
309 381
93 48
23 805
887 938
174 179
35 235
770 74
568 961
59 241
653 130
945 240
200 635
612 870
791 401
997 684
837 843
174 397
796 628
555 654
917 491
946 723
84 634
361 27
949 954
185 710
955 281
297 983
447 429
414 190
343 12
129 830
613 382
276 605
674 889
715 620
90 797
896 88
367 191
204 293
852 700
264 658
484 53
730 813
380 102
661 313
958 789
555 302
916 361
75 470
972 88
467 715
869 645
930 413
223 142
981 827
632 677
227 203
941 891
502 851
621 487
108 318
878 430
436 325
130 952
772 511
540 883
869 745
714 554
145 221
695 957
187 934
575 347
152 803
762 830
691 374
50 338
801 394
325 988
914 171
53 621
868 166
8 162
965 524
100 776
126 520
438 644
800 974
464 819
672 264
516 169
495 706
331 421
317 906
212 160
50 7
359 19
606 16
480 232
991 871
266 639
415 402
699 271
188 624
743 254
656 58
876 413
185 758
798 489
940 642
804 209
628 445
241 659
820 459
651 334
179 453
175 848
968 474
825 567
219 832
951 179
115 147
119 683
86 528
927 186
822 388
310 168
58 49
318 743
524 310
216 873
430 753
555 392
537 133
242 901
59 773
9 508
337 927
51 857
170 256
789 807
964 845
562 574
637 253
87 156
881 683
642 715
186 703
906 340
531 833
324 577
808 858
735 417
94 571
189 144
204 47
541 104
9 47
285 810
267 739
324 976
401 309
366 303
630 520
77 648
498 991
325 670
217 61
382 720
74 737
946 429
675 889
364 90
257 688
939 608
28 257
140 331
587 50
861 911
516 254
735 906
633 848
406 386
724 377
448 180
326 181
364 376
883 792
44 638
460 811
500 328
781 95
654 279
201 941
442 598
472 407
932 629
770 131
111 551
244 196
797 890
580 638
249 810
965 36
589 760
326 998
419 20
184 955
397 131
41 598
814 955
762 488
984 546
107 725
112 685
263 950
907 196
850 141
512 532
125 425
662 366
686 352
67 496
103 502
16 562
812 78
6 157
20 209
46 626
894 342
842 757
4 630
688 211
318 274
138 252
15 278
203 990
595 516
890 892
419 747
287 340
621 764
893 375
905 626
291 537
1000 99
268 865
124 171
74 99
256 397
424 575
132 240
958 188
669 279
468 680
469 81
436 142
420 523
901 68
540 772
248 786
246 365
356 485
549 722
968 767
588 56
75 87
458 341
721 473
631 122
762 775
877 214
326 356
843 74
539 686
818 644
13 870
530 16
808 370
493 606
938 765
207 400
45 533
781 353
913 41
678 235
148 866
221 372
738 94
199 669
795 442
733 432
745 644
176 697
918 506
325 488
110 790
538 251
280 743
427 520
62 969
266 902
875 918
16 225
269 529
163 18
550 610
241 886
849 631
242 195
686 162
923 572
193 799
841 923
590 830
38 690
617 892
591 410
962 200
128 201
534 321
662 266
702 807
405 787
542 972
929 409
664 635
241 545
537 204
210 476
343 216
396 23
842 745
590 75
39 195
579 470
450 158
381 502
845 7
42 308
519 202
579 103
599 120
531 968
994 946
99 266
709 818
359 836
786 966
808 786
39 438
556 732
156 242
692 428
70 520
604 752
695 811
437 727
977 962
62 252
943 349
48 858
948 197
711 340
961 118
952 879
997 493
493 689
647 874
728 278
549 808
571 864
947 824
737 600
19 521
922 762
562 677
558 969
207 229
154 403
796 838
946 87
309 768
396 116
787 637
735 851
520 768
818 29
47 317
32 618
126 350
93 15
280 596
122 895
211 60
319 571
71 728
692 7
296 734
650 949
434 628
54 821
770 506
720 817
580 453
358 415
819 603
805 724
901 917
690 660
12 488
984 905
778 527
96 136
241 636
521 642
618 434
395 321
641 105
613 381
848 322
897 417
113 868
609 639
596 919
412 170
488 448
523 826
255 986
290 714
552 777
807 115
630 690
811 116
742 524
543 565
13 746
364 706
772 361
534 792
42 74
502 848
428 851
786 189
764 274
855 581
909 376
716 141
809 885
94 265
214 406
44 998
759 233
283 74
50 339
520 4
723 584
886 148
856 423
298 712
585 607
712 81
39 926
300 670
65 295
437 867
235 115
553 26
287 661
887 619
637 884
999 877
676 336
533 681
883 684
425 568
84 987
812 216
880 842
19 880
161 846
81 555
558 199
46 411
49 469
605 248
736 265
590 596
934 762
405 504
525 279
125 275
126 84
590 711
628 446
629 867
576 273
907 264
889 974
85 901
233 146
654 153
516 893
349 732
387 803
229 422
50 731
219 240
384 43
738 684
208 367
910 1000
712 47
451 5
271 822
516 915
846 190
465 225
531 651
487 848
370 94
81 401
925 166
506 622
177 902
768 239
5 923
794 831
561 536
801 105
323 509
398 457
422 296
299 260
684 155
229 971
655 227
772 333
242 326
777 81
635 229
968 708
260 8
531 143
71 62
697 379
57 532
509 777
792 673
888 822
406 673
562 523
891 957
684 726
514 320
848 904
227 341
442 620
630 245
23 25
460 725
559 187
857 799
41 810
351 525
390 919
193 615
356 917
72 624
490 419
771 150
649 692
335 57
619 130
340 353
396 403
736 422
917 735
866 825
576 110
758 843
713 90
602 175
331 831
178 365
600 452
183 155
296 549
780 847
346 439
341 752
512 644
659 727
822 97
992 348
208 331
480 672
542 864
251 751
693 820
312 345
965 63
850 809
597 650
506 531
146 672
772 636
86 358
11 470
431 705
273 547
462 246
595 756
29 230
312 38
702 215
72 552
321 168
491 911
952 118
810 124
711 367
575 444
243 703
924 228
104 343
524 114
611 260
659 113
679 338
646 409
388 441
247 844
543 803
478 32
557 899
302 274
13 869
160 295
641 266
658 744
151 251
164 358
37 240
849 938
207 256
154 444
67 885
41 774
628 673
663 98
921 327
776 606
412 794
110 791
880 914
76 931
917 755
224 150
478 527
64 335
746 871
528 62
784 72
694 463
54 814
421 283
331 987
10 384
301 255
104 583
689 94
48 162
671 90
787 167
718 227
372 347
300 456
428 149
637 465
107 990
163 960
452 129
251 5
149 285
557 240
426 370
100 365
45 412
488 199
698 454
864 802
246 898
929 250
769 273
350 636
977 150
461 317
228 24
578 724
431 741
52 238
995 899
346 975
518 7
540 587
869 273
541 275
268 774
289 357
367 860
186 999
502 177
27 337
626 409
169 872
826 389
230 835
377 653
229 660
342 861
812 917
65 56
229 741
826 777
762 907
523 859
665 385
41 64
494 874
978 931
745 948
616 460
299 776
446 969
857 806
202 85
95 418
979 503
631 748
500 274
780 380
429 874
218 795
205 963
303 678
434 787
309 933
794 211
153 201
136 921
746 712
434 738
897 730
187 677
828 438
89 911
983 538
542 527
324 4
732 137
120 490
845 998
774 418
492 588
582 399
396 520
148 153
578 850
284 553
897 134
972 638
220 763
820 970
224 621
99 587
355 725
176 448
507 510
945 253
551 779
20 177
647 372
692 355
858 151
110 56
882 49
13 407
650 187
299 283
542 485
568 690
238 860
32 557
886 600
192 628
869 646
345 26
734 540
311 885
259 710
484 587
123 413
566 537
24 912
364 993
717 931
900 69
482 116
726 979
514 707
678 86
2 495
216 637
916 798
22 837
464 821
596 955
361 927
221 443
519 884
477 977
114 813
61 274
926 782
657 491
182 526
992 902
573 183
942 286
334 757
31 831
287 193
605 326
219 567
241 987
813 321
278 908
102 693
193 676
823 278
383 590
96 24
784 303
237 713
699 92
723 338
461 753
983 796
486 476
676 868
533 221
717 336
275 709
722 230
392 615
449 586
30 57
358 666
930 405
114 503
42 747
703 786
707 215
465 224
216 794
603 390
217 583
153 107
242 18
974 355
405 556
299 89
891 387
450 199
323 367
860 414
411 720
947 514
750 437
973 362
26 825
100 234
891 225
569 101
420 529
648 884
78 737
544 293
691 694
528 14
503 364
587 377
424 355
61 882
205 263
818 527
636 778
801 315
674 555
557 917
212 674
155 98
283 41
804 605
640 534
291 610
516 105
147 518
227 340
209 833
467 293
303 907
876 63
89 283
108 81
880 58
763 95
518 922
297 294
62 614
563 63
916 456
583 192
639 736
420 36
97 145
338 349
201 83
870 903
69 108
847 413
704 133
813 349
380 518
127 779
845 588
760 156
512 615
72 190
434 573
244 484
429 374
969 954
489 27
966 551
208 445
25 153
962 714
868 629
875 603
458 957
186 396
426 415
101 31
428 321
402 281
204 280
870 301
138 250
498 140
357 327
432 610
52 267
949 3
459 315
276 979
78 547
228 500
411 700
527 282
109 439
535 831
341 164
658 102
234 948
933 992
809 658
643 535
316 853
908 689
100 560
27 527
900 29
104 809
558 721
550 125
160 312
363 227
166 322
44 830
106 347
412 710
161 834
734 385
684 878
79 852
391 440
726 741
863 835
467 31
999 222
141 226
325 69
365 836
197 523
27 711
339 217
383 288
607 174
519 610
959 380
63 678
905 910
581 165
305 106
917 355
901 814
409 948
763 831
693 652
548 129
97 377
813 99
617 866
45 249
194 725
983 855
362 783
971 951
283 324
813 244
779 44
319 383
466 993
633 778
767 637
56 541
163 963
661 64
457 738
976 926
663 918
850 891
523 35
586 641
327 561
663 775
116 976
877 308
599 901
837 528
823 733
918 691
636 398
808 901
733 752
994 944
707 461
502 731
655 181
90 457
551 68
700 770
20 508
938 155
901 21
830 389
62 19
814 383
287 318
624 556
788 791
753 136
56 456
19 188
429 677
985 461
986 830
184 364
298 284
373 888
161 524
719 347
878 755
290 872
925 99
973 741
278 421
151 169
601 14
912 191
852 889
411 373
123 591
895 805
232 769
97 19
42 537
286 754
608 604
952 681
25 356
79 985
172 205
508 661
707 464
608 715
376 511
193 735
589 813
493 60
639 127
230 121
124 980
383 597
665 214
918 160
135 206
547 150
196 456
19 50
703 539
741 724
558 506
267 175
231 758
34 174
399 410
422 521
404 12
188 683
483 525
870 395
525 548
588 646
413 202
181 350
608 230
475 945
186 324
722 146
150 747
155 831
564 657
732 837
253 380
509 722
144 486
191 58
358 985
734 848
347 360
260 353
247 499
29 60
602 238
548 712
21 584
545 70
450 898
36 249
623 261
368 263
338 903
995 354
961 310
134 616
839 323
523 572
716 56
502 86
99 6
446 313
378 211
655 431
199 35
460 461
958 340
725 439
781 453
654 109
431 60
70 788
572 462
735 2
630 380
761 387
112 105
990 84
627 826
421 327
806 845
961 882
895 605
397 222
343 368
790 351
204 680
139 619
122 289
714 237
329 73
58 521
338 265
712 518
395 850
343 632
988 371
64 202
562 56
836 943
230 233
145 568
723 119
656 76
490 254
128 917
861 413
917 411
518 687
421 876
794 470
326 667
133 323
327 987
863 805
189 790
523 26
33 266
803 378
343 45
493 384
185 183
167 963
704 661
85 598
158 130
168 884
897 274
306 655
43 206
798 946
481 826
407 254
927 763
419 976
355 942
962 218
18 162
317 374
427 474
843 978
613 625
575 491
208 715
981 64
583 780
530 152
832 400
498 700
544 4
505 232
892 492
330 965
706 360
141 875
946 315
268 275
71 350
753 771
166 438
524 732
249 92
762 996
692 986
197 260
550 264
938 550
597 867
528 310
340 508
583 336
254 350
244 848
117 206
303 601
253 926
608 755
861 223
659 125
535 130
225 165
617 619
118 552
888 525
288 893
475 317
352 32
461 834
68 164
306 625
783 961
696 495
520 647
119 795
642 870
202 88
124 738
452 313
47 707
206 968
778 201
797 699
814 523
11 234
785 775
113 704
310 826
920 26
389 502
702 507
854 746
209 198
998 582
531 753
167 197
705 550
794 785
941 926
47 531
927 735
109 438
644 455
369 9
167 346
5 11
542 290
817 737
70 547
894 785
971 308
790 872
211 986
810 122
313 450
501 429
797 144
838 548
948 236
735 164
631 119
749 8
507 997
636 9
678 12
248 755
598 215
361 820
839 27
719 297
808 373
421 398
762 758
79 678
889 366
317 237
212 5
909 425
857 968
52 622
308 528
539 148
888 562
26 321
534 311
639 271
83 75
92 706
53 836
629 485
422 444
978 735
463 37
486 974
669 993
183 789
535 49
387 673
596 65
669 149
715 597
419 16
3 337
559 300
743 3
728 744
694 461
487 321
805 940
441 409
205 656
596 110
210 38
573 561
222 641
49 253
968 21
401 916
37 788
96 176
817 240
357 55
475 84
936 706
388 549
210 475
121 844
142 588
34 109
306 966
695 352
698 452
493 328
539 968
233 795
90 180
192 438
994 715
901 370
941 625
925 108
798 906
113 974
280 499
322 114
622 185
470 442
56 90
661 515
220 853
593 469
133 186
969 870
324 811
53 371
57 880
331 113
612 198
170 433
134 540
86 229
373 399
809 798
807 831
153 738
756 800
246 511
602 335
506 88
783 310
387 193
139 864
359 261
160 325
222 333
507 879
808 337
75 850
938 732
960 444
856 125
313 922
799 546
247 737
823 440
18 705
754 759
316 446
948 683
311 245
684 625
760 503
758 774
288 822
653 584
75 670
83 251
103 196
676 108
235 468
608 810
702 996
392 879
894 114
175 696
457 931
828 662
10 309
343 411
292 587
241 450
662 388
721 952
314 382
964 212
90 793
68 116
993 684
885 886
710 719
863 631
898 665
721 90
189 580
426 118
398 496
751 962
589 35
510 884
518 481
460 153
206 589
929 998
507 222
109 126
24 498
557 662
9 896
836 20
377 574
857 324
929 855
180 223
643 705
53 504
369 819
99 150
463 985
292 279
679 485
350 37
243 919
264 304
502 224
710 453
682 324
382 922
883 915
463 255
302 187
342 712
718 835
809 165
226 337
743 276
283 282
286 751
892 798
328 417
572 156
83 441
84 998
158 549
577 29
322 943
452 770
642 462
664 682
165 675
426 869
49 458
693 801
412 860
954 447
35 52
791 320
559 740
23 932
344 681
937 772
780 166
750 908
799 593
776 965
427 883
746 95
927 166
722 228
934 907
967 645
893 13
675 166
346 240
608 131
556 99
479 956
794 536
369 747
634 859
980 835
276 842
479 973
63 2
790 380
263 572
211 887
627 113
161 30
513 801
180 310
57 93
95 765
522 49
728 14
251 915
933 633
935 223
4 835
441 879
351 404
62 89
108 655
59 281
535 906
901 108
8 405
683 707
543 955
912 699
660 645
493 852
389 937
798 527
342 923
476 649
293 77
791 706
833 72
100 601
283 43
74 380
681 172
520 110
322 638
918 400
109 934
261 25
58 723
316 503
227 564
487 512
477 164
740 894
745 684
421 557
192 427
14 916
127 821
903 366
600 455
33 602
140 794
641 283
913 542
36 347
22 274
379 585
949 589
247 741
336 644
907 73
396 978
237 572
717 370
225 608
609 818
930 29
289 899
349 991
320 807
210 391
673 869
755 161
964 623
427 138
48 709
570 854
881 114
846 955
448 574
824 213
492 451
57 234
938 165
612 92
958 160
467 647
503 221
713 983
934 441
167 304
543 927
866 434
702 52
339 558
801 453
820 423
337 589
661 817
955 923
340 204
402 411
558 582
135 659
905 496
636 526
287 468
918 840
313 893
558 945
466 377
356 805
253 607
325 178
553 87
884 679
187 305
867 435
226 281
832 953
745 648
286 438
915 505
71 752
774 667
609 422
297 691
11 845
693 793
620 847
896 565
163 22
205 655
825 560
758 965
376 195
943 573
875 795
641 359
439 786
906 837
546 444
915 753
992 396
206 954
375 513
785 373
380 889
695 242
147 456
213 238
59 660
868 646
595 966
501 987
765 10
35 706
520 307
287 620
167 700
389 412
980 608
263 503
660 121
988 670
368 575
99 164
99 673
206 711
155 627
228 27
673 242
671 411
752 661
481 865
435 131
816 742
691 978
912 997
603 238
364 730
271 190
351 492
673 476
14 212
181 685
866 487
721 424
734 270
89 6
447 641
214 402
26 529
616 388
56 296
230 580
939 543
563 347
545 996
435 204
933 117
890 50
529 424
273 362
718 868
22 815
905 637
619 801
163 919
130 388
580 668
942 479
836 550
925 787
140 109
348 393
452 815
434 782
463 979
182 464
516 464
867 572
743 209
106 150
969 108
608 700
606 859
864 278
875 886
895 379
842 373
993 231
944 301
229 317
84 528
162 358
200 13
932 326
145 892
776 810
64 588
998 195
837 335
106 475
435 983
828 518
85 719
557 369
513 58
253 393
453 711
202 857
959 333
393 868
447 57
307 746
290 484
20 205
901 708
371 755
318 302
198 768
803 702
788 30
290 343
185 123
21 741
975 868
299 399
502 650
548 714
493 77
234 770
811 151
665 562
24 195
360 798
125 514
199 255
740 33
977 913
744 932
263 782
586 454
564 86
647 704
995 245
714 599
752 494
643 593
347 726
791 697
888 798
151 862
65 25
964 847
183 553
4 172
575 727
635 424
850 467
348 543
40 216
402 832
486 693
838 414
877 444
370 886
438 520
899 38
4 450
832 195
452 764
326 221
331 553
605 323
947 789
330 355
918 96
791 210
753 482
268 173
162 680
741 532
462 207
338 41
949 711
16 813
699 480
737 149
480 442
138 272
305 257
642 128
970 565
404 179
958 766
885 390
21 545
923 466
549 361
307 443
543 465
216 878
354 440
144 796
668 678
735 626
595 623
924 591
851 729
746 385
664 436
294 339
906 337
33 219
887 855
990 619
3 182
995 154
582 965
397 683
933 969
902 956
317 372
707 276
946 580
436 123
5 311
982 505
532 440
243 965
905 330
520 456
502 82
15 247
598 312
123 664
236 409
645 409
408 696
137 940
706 665
948 590
587 134
683 747
463 67
909 101
932 218
37 314
675 428
740 895
245 391
945 337
415 967
784 977
809 418
290 927
33 1000
159 120
552 476
936 827
762 501
908 385
893 861
774 478
810 943
92 712
309 301
241 687
261 586
724 536
45 258
374 253
592 598
393 851
671 128
397 779
306 800
881 616
739 662
115 400
388 978
635 601
7 888
836 464
968 808
988 699
293 603
59 813
777 774
850 692
29 113
855 197
858 219
675 886
164 968
147 250
928 261
971 345
566 657
801 250
216 390
605 948
620 368
14 964
187 775
523 597
174 515
217 28
548 992
181 761
901 208
673 273
950 807
19 387
919 300
333 799
464 978
840 985
145 41
952 967
979 494
852 864
359 780
451 841
643 327
535 365
314 595
412 743
539 150
559 91
999 800
601 465
771 767
472 283
257 945
644 827
362 732
60 244
482 908
672 676
675 711
678 462
112 401
701 807
124 860
909 794
987 710
490 18
842 207
1 293
845 668
610 355
206 366
487 323
663 348
975 478
872 917
154 892
875 794
253 130
96 195
168 560
794 268
903 226
152 407
859 814
641 407
664 816
202 979
332 614
426 495
903 115
875 568
516 960
223 732
208 299
246 791
51 871
751 202
717 486
846 250
774 119
816 953
1000 166
393 984
30 391
603 451
719 537
685 729
232 95
786 944
720 180
80 19
209 433
378 472
747 945
168 247
517 177
743 985
959 236
910 480
222 344
539 566
578 464
706 29
9 91
855 956
515 545
266 684
320 383
359 694
588 936
882 717
574 239
575 690
632 988
912 418
530 113
624 924
400 342
520 982
596 274
891 726
806 440
306 96
382 975
18 684
828 253
757 769
904 725
245 93
639 301
16 405
753 329
338 288
763 513
356 937
550 673
733 723
538 169
68 556
562 19
780 94
429 8
515 155
956 383
885 143
409 996
983 534
594 787
638 216
875 774
859 669
519 353
119 733
266 153
530 954
448 541
436 745
533 197
515 454
538 877
557 191
911 50
396 923
971 805
202 838
8 959
186 988
963 137
671 344
436 783
309 7
366 72
505 759
721 975
248 953
599 938
826 258
7 977
801 64
765 271
638 743
552 782
826 501
789 279
385 761
560 577
618 627
18 189
682 212
20 403
924 185
178 567
969 768
198 434
277 961
69 687
550 182
18 95
41 390
316 792
276 717
678 874
106 676
625 192
53 631
438 751
754 420
807 690
819 32
178 232
198 239
122 812
221 262
727 522
905 527
124 573
93 332
904 753
227 538
546 974
672 381
502 384
322 826
607 359
331 552
923 300
410 137
841 235
783 712
201 4
361 120
976 96
966 285
533 918
291 23
628 276
644 529
23 948
944 379
33 956
508 410
862 621
278 680
426 645
780 160
486 321
750 914
626 676
291 373
242 733
6 792
944 89
67 282
506 806
769 2
936 525
441 177
663 618
707 973
20 115
323 194
125 850
508 94
806 541
220 586
224 525
668 726
815 801
764 143
690 870
33 105
345 303
682 918
935 72
39 23
315 791
317 270
912 927
33 218
256 423
313 314
27 484
207 759
213 66
969 828
859 496
950 937
348 580
481 650
78 788
744 784
35 783
365 280
499 858
740 292
411 163
322 461
288 325
305 612
183 524
257 742
88 84
796 229
544 118
231 256
368 175
714 810
877 270
329 264
607 165
991 282
649 989
291 985
197 257
783 526
821 711
700 504
114 845
334 682
942 421
268 108
841 310
326 830
607 347
618 489
667 158
36 103
240 522
801 565
100 305
135 877
232 650
585 138
951 463
521 914
538 16
98 539
944 359
325 272
226 155
906 687
50 617
314 608
131 106
663 537
8 793
405 249
832 539
121 708
881 926
384 12
292 653
681 82
775 80
700 474
660 240
142 389
996 264
817 427
507 461
219 497
261 168
149 486
997 162
357 323
584 281
807 161
422 319
929 51
949 432
255 921
290 527
996 144
497 465
706 135
707 354
109 68
97 193
237 416
184 340
826 655
919 446
740 329
99 67
282 929
230 811
13 783
622 877
880 380
259 403
338 648
246 1
605 710
142 380
662 631
773 678
239 809
406 416
249 929
831 988
915 177
197 485
398 516
939 864
942 449
926 842
657 439
861 143
787 724
681 313
482 636
339 221
822 538
36 155
849 728
82 201
174 265
524 7
873 355
6 617
214 677
14 778
606 671
348 187
846 430
866 568
614 186
119 760
786 830
625 903
220 381
383 915
77 292
461 69
110 808
889 634
767 214
600 707
427 539
154 654
267 869
306 965
346 182
842 787
595 953
907 341
200 724
803 644
323 730
825 956
788 48
609 597
459 330
521 475
634 424
104 11
67 129
911 170
308 157
772 748
316 672
144 406
302 887
304 195
639 906
432 657
768 347
898 240
169 962
89 155
87 416
972 106
612 193
835 418
639 744
271 350
184 368
683 886
23 265
304 853
839 290
527 137
450 719
829 433
726 827
1 836
273 223
829 34
568 308
1 757
878 977
978 559
705 641
14 641
328 392
538 263
602 910
783 759
571 437
438 844
519 557
353 932
11 995
926 561
448 912
405 145
418 760
699 361
58 339
644 574
649 819
232 706
28 779
68 360
90 672
699 454
438 110
393 575
710 698
253 165
971 966
665 75
977 297
640 458
962 671
987 368
736 48
223 674
99 912
492 833
440 348
521 533
295 230
392 479
689 351
803 723
508 59
56 940
185 8
739 10
9 346
707 143
907 369
512 111
787 295
860 439
970 634
388 826
216 104
407 226
108 535
324 596
507 955
419 824
422 457
705 739
479 136
545 965
572 477
203 250
95 952
710 575
341 88
825 299
810 49
829 755
248 848
143 548
804 983
401 108
662 636
902 752
377 285
982 322
10 184
610 885
517 455
652 626
691 505
784 698
913 90
878 514
493 544
409 458
45 599
122 442
416 589
37 179
774 948
690 159
173 55
72 602
568 703
509 507
149 698
478 430
830 707
120 838
616 715
799 400
267 259
430 205
793 847
81 557
751 190
106 136
1 364
844 890
352 24
150 335
443 179
221 373
10 11
112 696
223 992
413 904
665 39
500 316
427 884
129 852
67 285
30 147
898 423
376 987
926 94
451 11
159 474
152 428
760 833
210 414
711 770
702 451
29 107
802 429
289 198
985 613
591 741
977 209
500 326
319 998
734 963
221 820
384 621
997 367
835 348
145 308
947 694
232 6
930 440
955 855
407 496
911 368
349 12
962 278
442 933
596 518
528 878
929 737
311 709
866 284
939 456
136 395
122 252
288 326
593 115
143 712
498 331
113 471
643 981
852 846
156 837
970 177
203 290
701 63
816 802
835 809
878 905
634 117
193 633
146 256
782 723
478 638
151 332
23 245
615 875
145 655
329 893
659 910
802 708
970 885
663 314
727 615
180 794
70 466
823 48
159 875
738 616
558 455
651 355
210 209
233 112
162 428
806 973
612 948
558 310
997 894
618 101
727 325
358 296
407 760
546 676
100 375
980 755
346 211
369 338
579 148
86 785
604 854
966 853
608 273
557 424
337 781
925 132
49 31
836 353
656 903
826 315
989 797
501 663
891 275
656 790
587 570
859 305
454 631
368 756
186 973
977 846
635 790
701 619
550 621
237 14
521 233
407 276
235 401
70 694
511 832
721 466
602 375
749 4
787 795
352 934
354 12
192 863
835 743
360 645
624 882
808 377
19 498
494 848
80 516
279 60
612 241
247 616
340 62
838 341
235 928
956 896
580 788
373 50
528 647
434 918
255 50
369 741
735 868
683 713
247 654
269 808
608 548
149 754
944 550
619 100
430 773
166 159
864 269
790 101
887 868
7 51
429 452
604 432
676 987
736 166
699 42
385 123
842 574
438 429
478 930
372 417
94 232
486 409
234 334
293 795
93 537
684 92
150 704
416 442
487 769
91 120
418 264
384 920
367 223
693 331
604 826
436 932
642 539
720 295
653 733
411 750
375 209
713 662
18 452
812 734
281 802
265 101
402 346
472 927
470 446
644 423
604 719
5 655
863 322
575 478
765 572
605 775
587 260
993 510
813 826
523 704
946 287
302 449
449 147
677 283
725 853
481 290
62 449
389 639
601 17
529 284
985 242
992 658
130 353
627 805
26 318
583 564
503 742
640 834
382 973
476 402
387 483
944 996
31 944
58 638
990 159
650 858
633 898
887 525
339 11
122 377
982 995
280 135
516 467
123 700
171 834
942 77
177 245
982 850
715 629
262 430
966 326
606 745
864 408
937 768
370 625
776 862
671 919
799 98
547 157
417 416
310 85
647 174
11 332
34 171
950 101
932 720
535 384
176 152
361 172
769 85
836 676
319 780
780 627
841 619
570 43
874 40
707 142
949 213
588 443
38 988
164 919
443 911
949 70
184 64
517 770
722 576
603 207
838 792
551 103
942 864
29 345
657 528
948 49
108 310
146 23
274 96
94 353
22 642
1000 320
85 98
434 282
532 423
60 416
528 914
486 590
17 403
682 391
403 602
463 842
544 108
598 275
450 579
249 75
692 963
141 67
469 598
519 882
576 172
690 156
801 861
508 839
623 922
495 571
940 596
689 988
780 493
430 210
359 152
732 982
309 899
36 77
419 95
316 259
444 506
780 124
874 355
896 577
281 858
699 372
560 990
345 960
490 251
823 47
182 221
536 251
10 322
283 858
953 626
537 115
286 902
564 300
481 932
931 167
989 485
924 676
120 370
194 905
803 353
917 233
336 442
677 957
452 480
346 111
898 710
169 750
21 661
797 500
674 97
397 966
434 680
721 186
481 829
479 862
445 986
707 507
467 894
983 350
735 425
898 1000
962 215
363 590
151 921
1000 301
731 655
513 624
805 8
189 183
563 502
247 865
655 398
637 283
423 762
173 739
990 938
916 841
601 73
507 570
459 703
723 986
725 168
763 493
692 935
47 135
112 281
365 713
258 133
131 913
563 946
912 138
714 10
733 382
2 158
115 571
615 894
582 13
13 318
535 153
793 810
832 960
874 327
837 81
828 372
477 322
975 455
335 804
706 856
374 970
777 500
997 748
693 547
107 602
702 819
996 468
387 772
543 33
414 111
332 972
918 591
958 616
790 807
198 941
401 717
849 207
281 555
608 274
21 681
115 258
398 317
113 805
20 375
441 798
996 104
526 103
467 794
428 748
954 612
646 374
117 934
557 585
138 937
985 330
587 650
91 987
810 103
818 683
5 391
29 257
416 970
329 639
806 251
661 716
248 649
283 154
784 480
284 241
252 573
649 797
781 264
505 143
412 685
800 270
965 716
782 914
821 680
645 506
614 749
981 306
982 597
676 256
1 536
878 938
573 136
369 682
170 941
45 815
482 907
640 251
818 113
929 740
199 91
569 715
643 102
239 521
311 236
405 359
148 575
24 581
306 447
789 306
737 97
426 712
319 391
871 218
858 727
90 637
676 964
421 815
922 324
637 377
56 692
778 815
612 937
567 362
265 397
499 176
158 61
451 53
55 687
774 219
962 603
48 391
46 918
87 126
204 332
521 584
669 320
212 140
401 570
823 731
371 709
223 511
849 68
632 436
284 273
730 961
587 584
532 63
806 426
313 263
735 562
493 667
544 645
161 331
555 7
121 920
479 39
981 801
433 843
911 74
313 481
209 592
563 385
601 886
237 386
554 68
916 547
166 134
118 143
299 410
800 76
428 901
780 465
169 115
902 677
692 889
397 35
18 792
985 655
936 10
10 920
523 929
862 56
300 577
265 770
303 830
326 245
164 16
239 700
314 741
257 820
676 139
326 772
202 641
224 73
940 663
776 752
580 446
852 315
67 517
267 455
875 874
490 132
314 872
750 87
850 164
525 380
881 890
366 898
998 199
488 780
395 488
862 918
390 45
29 867
823 793
113 562
20 90
148 23
360 880
116 899
63 132
485 242
33 465
416 455
842 821
152 449
801 251
310 276
204 429
707 30
543 684
86 969
375 37
986 250
665 801
479 9
96 780
407 494
352 658
701 454
95 971
49 807
35 788
844 466
83 512
50 331
312 690
921 708
859 487
244 565
743 253
652 620
890 227
984 100
325 852
734 432
992 703
274 83
45 597
725 147
230 723
242 585
17 188
813 592
434 863
606 25
314 761
900 640
488 684
684 594
636 243
335 210
653 201
841 121
642 122
510 108
542 707
211 337
965 216
665 180
974 174
847 164
171 591
376 852
432 49
175 859
233 125
58 87
685 90
228 923
160 683
128 137
341 322
648 171
854 546
30 32
452 338
860 375
804 476
132 592
742 21
608 375
744 343
298 547
40 854
137 24
845 894
534 845
204 32
422 491
83 849
962 212
108 498
375 9
160 198
626 73
904 197
208 818
338 784
506 42
92 807
114 535
243 969
230 925
1000 716
141 574
829 503
425 684
468 81
731 989
435 264
810 452
667 117
282 157
925 949
984 495
987 976
948 586
515 937
308 937
849 983
773 643
317 933
191 988
71 634
408 602
580 720
429 60
482 838
430 239
141 328
435 599
93 79
791 242
150 254
976 664
796 676
102 765
705 168
244 124
738 90
666 251
280 946
542 590
923 728
214 527
822 462
492 997
219 167
275 633
538 817
101 183
410 684
537 38
56 520
54 23
76 635
771 685
993 525
336 264
284 616
780 933
858 389
472 760
163 622
271 786
34 971
114 228
901 280
854 747
7 901
604 967
716 265
939 779
464 394
768 2
882 112
989 908
482 354
195 667
364 770
457 109
540 797
213 610
411 979
412 392
949 351
860 782
293 411
833 190
378 21
109 721
492 109
649 796
374 73
899 425
857 929
565 400
944 875
178 175
967 365
718 781
773 564
305 816
306 203
52 539
594 630
98 361
785 604
944 585
301 324
446 823
892 835
880 827
897 467
968 713
633 85
335 30
841 160
128 565
867 660
337 385
452 982
344 759
550 923
510 164
228 637
335 197
656 394
585 52
988 87
601 937
831 571
953 425
2 679
137 771
353 601
159 271
993 106
355 592
536 413
366 176
744 256
835 107
792 182
976 179
42 77
104 14
121 944
158 367
713 660
795 646
794 895
635 839
177 855
147 907
773 195
744 77
1000 471
854 22
268 909
930 510
308 446
91 550
632 770
541 216
230 891
526 820
375 358
32 72
431 432
144 530
204 846
170 330
796 10
563 305
800 77
291 496
776 38
174 765
856 468
201 673
143 514
863 243
740 590
396 158
861 974
719 464
296 26
251 171
362 738
842 13
559 499
828 104
187 336
10 763
983 716
840 550
732 972
897 673
697 887
301 57
196 273
178 260
823 340
221 226
495 775
261 859
120 11
736 213
628 419
617 694
963 478
49 130
131 286
571 5
167 758
281 343
814 875
357 196
830 156
309 353
332 902
538 873
840 528
401 763
422 659
389 362
135 378
638 777
822 208
699 903
612 684
413 485
518 72
332 251
806 783
890 701
742 938
565 995
180 391
436 41
455 329
432 688
986 251
950 598
274 207
283 5
939 195
235 558
19 225
43 587
70 764
821 860
539 273
193 199
156 973
505 213
325 962
515 686
994 403
725 33
569 665
398 929
903 700
597 999
833 825
217 491
807 435
793 562
350 329
667 25
170 979
266 658
676 345
589 1000
843 504
274 949
738 142
224 650
944 529
196 742
657 380
452 776
807 334
386 138
595 472
888 334
582 182
486 27
503 923
435 747
862 710
499 476
64 655
712 747
451 321
604 265
948 939
385 115
867 829
587 781
541 596
814 433
292 518
287 587
484 113
157 384
621 859
965 505
879 359
37 982
186 496
379 385
222 142
834 599
300 287
970 14
871 592
416 484
548 565
819 405
789 813
538 623
856 818
661 519
87 150
161 211
109 314
459 279
103 904
273 719
654 315
578 370
262 641
138 947
109 92
384 543
60 608
575 387
464 717
781 512
303 204
703 933
215 528
200 855
921 901
939 444
28 117
800 6
51 140
531 150
550 214
956 665
575 353
333 886
856 285
749 430
182 849
843 41
311 631
863 186
921 679
574 171
278 356
317 194
209 953
989 777
553 492
316 30
373 91
522 44
439 320
810 596
848 687
117 38
687 238
724 96
54 569
516 262
923 268
942 24
680 7
185 687
266 358
700 218
45 482
316 280
27 608
675 268
841 20
187 102
650 626
119 867
211 364
853 933
31 57
128 840
555 691
22 276
758 610
182 46
76 741
148 234
685 848
195 177
931 325
932 746
293 868
727 381
821 318
803 287
751 189
437 5
419 518
223 628
828 954
81 91
301 598
506 536
379 282
510 103
280 367
924 936
674 131
826 454
811 38
268 795
195 269
731 463
215 726
769 558
555 803
39 388
687 616
835 317
807 366
322 152
142 951
866 477
78 709
721 341
691 666
857 134
969 988
833 189
355 209
249 438
138 649
527 177
325 521
236 212
398 895
38 422
921 786
813 868
722 955
196 890
145 44
809 965
293 252
442 678
792 821
577 33
649 876
363 104
22 773
611 261
757 351
362 288
288 579
830 527
390 616
835 919
163 318
957 664
858 947
770 125
578 105
334 420
281 159
727 663
728 751
234 252
965 14
779 424
22 594
842 347
119 839
634 729
362 996
200 23
702 834
923 679
417 266
988 967
145 795
315 663
228 860
101 170
484 294
858 503
196 242
328 778
298 686
426 379
691 379
621 581
395 643
327 149
225 864
138 873
56 242
863 681
579 254
191 236
13 764
450 950
971 376
403 500
443 466
740 11
735 119
464 262
691 585
694 588
317 439
155 437
619 616
85 60
900 505
117 331
984 138
412 691
734 464
198 132
805 420
574 355
23 491
307 268
168 70
673 911
577 446
335 474
107 75
74 144
596 253
409 205
687 166
217 571
382 210
560 678
540 452
378 605
247 753
10 474
961 682
286 295
326 548
974 848
817 507
361 119
508 482
346 453
456 157
540 243
668 954
808 270
63 928
580 350
417 937
270 714
660 342
36 488
864 249
883 135
132 751
519 493
54 220
389 398
377 236
251 686
961 773
648 660
521 618
958 945
372 678
284 704
584 454
858 886
821 487
848 459
423 143
890 698
906 167
947 561
865 904
385 764
358 819
911 59
952 72
316 386
797 471
402 168
960 578
99 14
908 738
599 485
472 156
535 605
526 128
231 394
123 261
752 371
980 150
294 836
692 863
588 856
909 490
487 390
622 523
805 41
235 169
60 112
102 855
154 509
581 434
66 641
716 294
805 186
697 801
225 32
870 912
541 656
504 233
927 363
966 391
642 457
680 44
24 528
374 626
491 806
977 790
680 187
989 175
477 570
595 72
634 686
373 442
853 896
144 360
664 591
854 838
28 922
983 934
590 892
463 989
665 43
85 892
441 180
426 416
320 931
263 279
11 198
306 822
476 946
543 364
693 287
696 557
180 326
863 963
713 823
591 624
688 177
124 43
125 990
181 92
458 755
910 264
461 508
636 462
260 476
706 188
321 218
471 532
679 211
661 580
106 57
460 267
482 463
834 24
856 704
468 782
89 215
961 651
166 125
995 23
556 640
815 352
150 379
244 740
8 250
317 80
544 28
154 886
967 506
515 653
203 329
157 597
835 668
87 827
880 51
255 437
827 540
757 851
577 501
834 476
986 643
606 104
619 723
205 817
232 977
710 58
254 326
643 15
956 222
371 422
797 906
652 199
179 559
790 93
616 954
84 880
413 582
729 637
15 822
895 424
845 579
846 292
957 597
797 992
504 483
116 176
867 856
172 386
543 157
234 199
56 667
309 311
801 472
332 632
615 319
272 583
941 355
256 203
646 952
252 837
125 881
110 159
17 428
441 946
479 814
928 428
357 334
606 516
661 390
350 537
124 190
255 900
346 864
259 619
87 193
190 49
69 832
369 840
235 600
421 195
795 986
249 452
601 799
138 551
604 662
330 783
386 749
260 214
629 706
725 390
229 759
326 339
492 111
956 702
725 119
986 581
878 591
75 174
866 175
819 31
72 696
734 398
2 351
314 605
424 245
334 536
761 300
763 394
628 235
642 367
454 465
224 322
442 505
10 709
597 783
5 532
990 310
993 498
481 198
19 574
282 401
676 225
935 788
112 486
645 810
44 379
707 717
11 834
28 828
965 13
803 254
733 97
201 336
244 82
708 289
598 885
660 460
721 682
262 224
49 245
380 769
825 628
385 299
25 892
408 116
119 612
301 919
38 714
665 272
21 488
137 747
599 815
211 982
767 757
825 854
347 150
440 308
459 496
370 13
595 956
342 307
82 665
824 410
897 338
310 905
539 750
209 427
854 421
30 683
974 554
772 376
616 122
427 397
85 217
108 718
146 47
19 199
482 503
835 425
48 853
570 710
865 702
403 725
635 20
708 712
412 285
86 912
169 112
776 40
603 102
924 480
446 612
89 297
289 242
247 584
951 590
438 551
23 236
866 34
562 299
302 22
373 138
982 628
258 72
776 405
675 745
874 807
23 795
865 235
371 414
575 892
120 926
555 988
439 169
813 412
548 95
306 606
269 554
723 250
571 150
928 953
67 663
250 771
713 233
417 420
812 235
297 946
120 235
267 166
323 755
290 29
236 833
662 301
594 47
558 370
712 62
642 108
603 436
253 371
776 725
497 801
849 20
787 339
68 696
548 610
440 447
721 82
601 516
801 90
731 409
345 326
476 1000
403 418
151 512
483 240
998 657
359 925
199 244
536 776
683 171
42 49
873 585
527 458
485 691
624 577
397 273
473 91
56 493
414 352
56 348
312 710
248 708
725 446
986 906
438 737
386 836
403 606
922 690
230 583
446 512
291 961
260 972
541 589
653 915
425 215
697 951
519 878
165 215
463 116
339 954
247 733
549 211
842 47
92 642
808 83
884 742
478 403
366 720
58 641
295 561
796 579
211 485
429 102
603 935
912 64
956 281
595 75
353 820
617 519
444 613
810 946
245 639
894 116
987 290
570 262
349 721
703 550
637 318
751 298
538 843
480 671
673 992
67 401
72 505
845 226
764 555
115 445
10 51
881 726
403 224
616 338
266 360
929 184
878 133
113 829
881 961
464 417
32 293
30 336
643 775
825 104
464 304
86 91
221 928
841 729
583 886
126 999
142 72
402 141
39 704
160 333
502 58
86 293
70 734
400 372
916 998
776 17
207 531
541 271
140 488
606 335
649 886
869 787
772 204
877 264
205 863
296 69
518 912
581 775
946 131
832 383
515 938
457 288
350 299
66 738
675 720
641 960
605 271
331 714
98 307
207 87
983 758
388 520
52 360
897 751
201 42
577 647
63 692
546 718
360 368
306 407
184 553
71 661
576 473
595 103
651 443
107 705
840 895
478 824
851 190
504 339
941 767
241 672
183 285
370 260
390 89
301 946
450 492
324 469
286 678
812 66
704 603
561 198
409 625
750 146
234 517
879 490
204 274
851 525
986 492
988 690
702 480
538 577
156 476
877 646
475 670
868 95
704 1000
228 510
29 251
433 978
57 242
952 688
905 60
785 179
548 920
255 532
978 245
97 670
976 391
49 787
928 250
820 56
198 508
596 551
759 53
155 427
174 629
397 426
255 330
717 609
170 740
480 443
597 187
1000 555
175 21
606 299
585 891
41 81
342 688
615 555
338 533
356 862
986 757
974 578
313 901
460 86
936 81
341 778
259 196
392 432
658 898
552 129
771 161
395 149
589 831
2 17
810 872
188 964
504 401
110 653
737 101
847 442
547 228
931 5
842 424
183 240
131 589
150 507
334 68
883 173
422 539
479 734
409 732
871 948
432 986
534 703
612 651
945 540
293 632
647 261
490 800
416 157
474 143
955 692
225 983
890 535
172 570
912 989
368 277
333 585
764 403
269 417
215 613
41 258
811 290
27 339
579 798
619 733
263 947
18 114
792 629
796 446
857 17
915 369
558 763
830 892
853 453
303 996
201 678
43 699
331 295
575 520
317 776
249 178
416 551
383 27
829 173
995 669
524 669
796 858
286 760
468 251
163 335
303 133
700 578
843 430
873 309
705 385
733 467
300 242
407 590
557 77
642 5
861 399
266 246
819 935
234 141
453 429
456 159
384 172
629 772
668 948
996 537
465 471
945 973
855 326
12 412
819 980
626 522
254 859
366 881
848 783
171 261
302 455
500 767
208 468
983 226
401 253
961 32
964 221
638 780
566 57
894 956
937 879
521 616
594 334
195 425
531 707
569 372
206 932
254 644
609 907
483 354
556 805
61 641
744 29
637 448
667 287
802 357
859 380
437 654
596 889
915 533
462 883
753 162
9 792
673 353
749 54
53 463
916 963
425 104
400 282
853 483
881 937
84 154
784 688
199 858
382 899
511 101
627 772
791 919
723 965
484 205
190 522
305 748
657 87
92 748
255 96
683 647
925 529
452 740
737 850
165 729
828 15
741 826
70 206
440 851
41 980
500 31
582 181
213 702
438 221
2 328
149 934
359 531
742 303
923 579
652 3
980 400
470 738
555 840
348 202
849 193
709 207
236 791
20 804
719 922
875 616
259 772
953 486
293 845
756 413
177 720
876 854
219 125
77 119
557 301
926 98
441 916
204 728
457 745
263 567
569 400
273 563
975 832
213 361
942 410
255 994
302 689
74 560
620 80
493 954
646 286
778 750
88 876
565 230
497 130
540 932
9 820
891 984
138 656
536 815
715 150
18 954
181 542
14 438
10 274
454 201
681 155
459 805
738 79
939 748
342 749
861 819
843 264
884 596
942 428
448 816
305 921
774 480
495 602
850 439
779 622
602 832
72 971
184 985
24 622
25 475
297 606
7 287
49 493
603 898
503 38
823 153
510 140
836 772
379 723
257 105
295 497
650 704
164 832
283 829
819 927
659 882
770 297
954 186
423 269
998 131
671 251
915 589
441 214
584 34
200 299
587 243
591 417
812 466
704 715
63 216
836 472
161 383
738 460
76 341
811 138
663 869
171 107
501 736
137 431
376 731
582 895
569 428
308 128
802 152
696 809
752 577
498 869
815 544
932 471
856 559
303 380
910 268
70 537
161 275
952 2
644 344
139 912
892 534
696 7
234 970
797 138
884 1000
187 908
385 964
703 332
787 801
327 168
44 930
977 755
9 673
869 706
35 673
726 939
403 921
832 357
579 720
960 30
351 110
571 704
643 335
168 109
421 261
593 828
227 714
46 146
856 26
199 656
295 849
351 597
407 839
361 749
2 127
420 466
222 962
904 543
520 470
183 45
996 768
482 742
12 155
770 491
664 538
926 766
585 56
234 150
642 209
810 907
637 372
28 988
837 338
585 393
896 300
825 634
399 865
468 924
958 702
64 1000
477 497
183 401
559 874
543 401
121 858
379 117
416 432
324 345
807 284
918 735
371 798
438 426
285 82
310 911
261 217
744 147
360 156
388 220
834 956
377 959
892 106
820 255
596 870
464 761
564 196
412 121
765 581
142 918
147 6
455 53
496 170
829 744
479 435
728 453
450 855
490 920
625 67
255 664
147 877
520 497
114 712
258 538
298 259
545 770
735 19
402 357
386 894
957 245
501 169
38 336
494 886
751 133
96 139
819 125
417 909
749 260
623 799
776 264
830 607
524 510
276 205
465 522
84 980
158 567
50 228
126 331
715 666
383 376
75 571
439 58
757 43
634 294
552 13
745 508
211 440
297 299
548 89
823 193
861 398
898 184
719 16
634 760
873 320
444 314
936 906
849 479
907 312
667 746
483 681
68 117
382 543
543 966
93 710
590 172
176 158
656 648
859 947
347 71
821 760
635 680
651 911
926 7
512 503
161 159
279 933
336 99
356 110
138 185
927 635
604 788
53 10
418 409
850 628
630 120
891 352
692 375
51 617
560 484
794 863
561 632
952 75
275 222
921 417
846 619
928 180
144 739
875 131
496 214
302 628
564 79
114 44
367 866
813 792
26 634
729 57
278 27
679 415
648 49
607 344
464 914
490 670
897 532
829 95
559 170
503 704
253 685
181 159
836 764
966 107
144 62
127 37
14 513
116 266
500 233
410 145
715 646
205 620
757 15
799 302
221 67
439 143
109 450
444 615
762 486
266 835
912 993
804 199
625 870
111 759
628 387
276 280
941 90
712 894
252 500
641 422
326 662
862 996
774 378
668 921
261 605
297 940
674 294
410 476
617 944
731 168
195 967
370 192
727 156
15 256
293 942
221 862
665 763
48 723
855 56
547 763
807 181
333 302
63 389
215 718
583 693
510 926
83 852
65 801
935 166
441 742
624 623
397 307
604 653
990 882
312 885
743 878
764 331
291 641
308 737
751 575
94 214
282 964
550 37
130 910
922 660
10 970
389 689
999 934
140 377
559 678
344 164
681 43
294 758
505 471
343 819
770 883
288 169
268 100
162 995
576 711
145 759
519 989
135 980
504 8
219 623
883 516
645 819
746 884
895 531
288 904
531 122
483 771
81 776
736 145
901 847
156 485
394 864
690 766
374 895
175 890
343 484
132 787
557 110
371 999
926 445
750 545
825 718
163 979
590 974
704 605
409 631
980 762
414 224
987 46
453 646
773 423
612 657
295 167
522 249
660 446
821 427
508 122
56 875
475 867
687 802
928 431
155 542
892 71
106 653
53 243
209 477
82 869
449 110
348 287
126 950
640 305
346 798
22 733
563 343
445 218
86 212
950 909
372 261
826 663
603 316
829 308
77 559
207 576
917 868
191 929
503 501
967 74
551 267
493 703
758 373
861 582
28 196
356 713
201 648
675 912
513 15
142 503
438 606
644 925
494 970
321 656
785 225
288 583
331 539
192 227
930 26
835 923
602 946
785 370
878 799
508 242
596 84
283 589
244 933
589 829
918 33
741 962
232 750
139 138
31 136
72 887
235 485
992 184
500 967
798 426
448 682
379 766
451 285
270 835
140 296
206 17
776 824
391 897
858 576
567 104
570 316
646 889
263 203
214 415
897 181
121 857
142 603
881 515
19 177
850 766
464 77
337 977
