1000 9887
718 799
939 796
494 217
335 447
817 600
530 531
99 312
688 459
228 412
599 255
323 416
109 399
834 44
872 135
755 135
69 801
625 99
913 443
894 727
80 298
896 224
781 580
435 461
584 618
566 526
532 394
648 135
978 882
646 572
855 548
986 949
260 836
598 270
430 364
485 442
277 519
334 968
207 378
210 554
840 845
967 332
571 751
235 181
576 839
403 805
832 241
46 175
801 842
931 743
540 337
335 87
248 359
930 75
323 631
421 538
907 532
637 580
908 28
124 889
909 821
987 573
866 754
462 249
990 264
253 204
568 888
826 728
201 369
480 424
153 502
671 924
177 456
978 796
625 970
560 791
978 250
708 407
46 730
513 135
931 176
348 262
811 934
616 476
686 426
889 542
693 406
202 847
869 330
768 98
823 644
462 548
595 418
323 382
674 194
751 102
163 713
685 564
962 347
32 284
311 938
259 535
860 685
39 328
34 584
373 443
165 306
761 685
8 115
853 133
636 251
963 605
573 759
30 932
986 998
861 666
532 430
493 758
938 901
373 800
66 840
88 944
195 884
126 680
161 548
449 874
222 95
305 657
964 960
969 762
342 596
148 953
995 424
494 787
188 74
83 356
943 202
634 759
554 983
573 89
386 914
120 735
136 580
670 897
140 180
857 702
508 862
642 338
516 303
166 608
506 508
425 554
762 743
875 46
434 808
40 399
637 335
961 537
249 799
983 604
106 240
386 310
261 698
63 738
45 19
324 96
37 767
477 488
357 146
512 519
880 688
718 181
497 535
59 776
209 906
978 222
710 553
56 626
882 386
4 8
7 249
449 581
86 658
987 197
328 838
607 960
134 4
85 602
826 881
380 42
845 112
133 948
671 436
565 849
885 411
350 545
43 75
912 904
40 723
60 654
684 442
281 995
708 990
820 176
490 831
108 642
225 571
348 635
661 576
55 849
901 81
632 720
862 883
694 130
846 759
191 518
123 436
38 678
826 992
293 195
477 870
459 807
662 723
130 376
173 510
417 948
416 609
292 28
849 969
705 301
925 800
654 486
644 975
862 770
845 750
917 737
903 466
120 985
824 983
241 891
295 610
10 414
306 613
842 435
246 201
542 944
926 275
983 838
250 838
667 725
234 338
257 265
409 630
612 658
423 109
708 141
337 963
911 296
453 790
811 140
522 73
1000 195
599 101
198 838
820 936
772 753
384 722
433 154
320 720
651 692
360 817
279 105
510 955
425 379
815 546
294 628
780 736
70 543
342 208
753 159
268 262
991 173
407 300
393 358
754 259
296 375
226 1000
687 853
680 541
518 593
904 965
243 939
669 731
88 104
37 17
844 359
57 691
204 518
540 168
300 709
796 194
265 926
69 384
397 137
386 954
830 929
512 24
136 653
602 512
896 883
550 288
75 896
666 357
847 461
672 702
325 72
787 735
700 4
404 569
937 541
465 701
232 832
728 837
948 361
933 884
201 203
590 623
97 426
244 47
248 42
68 381
969 206
334 472
211 271
659 402
148 292
788 925
101 324
585 399
694 251
353 983
770 267
845 837
198 208
314 255
580 246
859 937
42 517
349 903
778 145
746 301
39 240
955 491
777 991
929 244
419 694
354 629
815 736
707 43
160 806
109 509
950 733
531 902
720 61
407 451
907 955
303 274
420 606
493 896
955 919
460 335
27 340
891 21
602 416
344 464
75 96
278 455
152 983
320 329
925 676
892 441
469 344
160 7
933 233
19 425
882 707
832 468
613 625
535 282
188 423
781 603
924 275
856 73
624 997
622 624
805 48
878 990
922 307
340 457
639 215
549 59
201 901
41 876
960 86
62 698
780 449
953 564
589 847
33 536
684 613
560 603
120 930
762 337
486 113
269 725
760 370
23 938
597 513
780 39
193 859
332 734
794 455
675 124
210 254
943 730
675 88
239 377
646 715
91 357
855 323
638 81
931 179
181 304
897 103
493 510
977 703
334 214
983 255
159 489
129 782
718 120
580 121
543 375
397 841
234 573
934 138
976 715
212 824
323 353
440 67
167 48
90 15
973 376
794 861
209 395
281 774
891 211
928 327
86 51
270 186
920 747
796 326
389 808
13 620
786 172
53 347
835 393
805 353
697 360
265 596
766 782
655 291
89 408
821 983
329 393
718 941
421 505
135 703
356 642
783 787
325 861
917 889
939 645
409 211
377 6
909 485
931 565
930 960
770 877
143 925
439 378
705 320
980 78
763 438
286 731
16 491
969 659
823 251
650 870
575 783
643 366
514 281
420 276
303 958
814 480
672 597
749 921
737 49
828 360
463 841
814 943
31 67
567 141
605 122
438 67
828 735
6 867
334 16
728 603
124 636
106 403
803 11
785 756
551 665
45 462
907 89
980 625
984 884
289 770
254 571
953 491
862 885
977 413
300 390
160 529
472 739
987 196
509 792
636 282
187 756
573 879
775 247
416 506
661 252
172 991
428 625
102 536
582 790
915 129
612 477
377 900
284 336
657 714
929 45
50 4
778 282
530 491
568 202
454 915
420 519
419 940
792 402
170 490
99 448
248 774
523 546
427 457
764 470
713 944
436 297
826 753
559 478
551 353
810 173
231 421
782 15
844 380
296 186
892 853
502 216
35 535
531 378
115 741
745 894
192 106
784 814
966 58
308 774
64 84
726 602
872 42
589 902
936 8
884 710
117 209
889 40
32 673
89 1000
185 689
700 208
519 620
442 192
524 902
547 383
628 370
24 736
197 843
474 704
365 83
936 949
81 802
862 275
979 889
413 867
96 161
78 113
885 623
483 739
945 778
522 276
445 675
561 250
211 961
565 658
587 838
219 90
954 923
169 673
901 752
24 92
116 962
250 666
266 441
470 201
966 834
181 10
692 137
132 450
744 186
764 165
450 61
366 505
284 436
51 419
747 974
986 10
15 4
755 459
556 744
907 926
341 182
569 147
368 380
27 331
429 691
925 302
401 146
644 234
778 528
359 647
660 540
576 607
973 755
922 583
759 166
624 875
36 713
960 874
331 319
494 857
959 689
14 99
433 483
254 459
143 932
854 791
165 956
683 691
852 218
982 621
801 375
311 375
738 193
705 264
245 511
297 558
830 640
409 100
893 532
127 952
434 753
809 395
314 811
331 891
707 688
944 686
983 519
399 758
755 732
180 967
36 355
310 70
612 962
8 848
867 891
724 976
102 996
489 3
31 424
392 606
798 330
581 858
379 478
140 528
440 569
426 357
262 7
615 431
599 810
222 401
150 339
492 963
264 743
341 903
983 56
146 759
608 310
989 711
5 176
320 654
872 491
211 827
855 226
233 663
52 779
20 275
290 42
467 830
252 260
553 961
809 623
293 326
703 143
743 978
523 541
79 890
229 564
378 350
911 82
234 922
935 135
846 701
80 300
200 217
948 213
442 866
994 279
958 426
445 109
653 648
526 174
955 969
968 148
825 503
705 89
133 464
192 948
451 897
131 931
929 529
506 908
807 528
942 265
545 609
473 574
535 394
576 857
204 698
705 379
279 200
946 292
929 356
273 503
519 918
407 868
395 804
583 271
398 665
154 133
880 32
813 569
219 68
913 688
565 755
58 345
885 148
300 238
157 659
654 761
73 444
148 330
646 569
794 452
515 876
965 381
345 796
146 791
776 982
245 535
85 866
506 777
80 142
353 638
851 491
870 389
194 954
780 917
858 469
721 939
738 779
209 95
737 300
615 467
232 136
64 12
660 178
973 21
485 315
956 212
985 639
379 216
324 719
518 67
902 162
299 102
432 728
806 462
682 840
898 797
901 490
336 132
12 947
354 596
721 375
777 37
688 632
446 344
319 682
732 574
969 781
134 757
341 479
522 105
886 885
958 326
304 875
965 618
605 659
95 752
607 37
39 569
853 485
467 278
984 108
511 97
520 206
98 454
923 295
784 707
416 148
235 99
843 352
900 619
903 714
689 634
928 485
5 227
143 781
430 213
520 812
996 997
598 613
432 380
69 121
239 585
75 728
224 254
131 885
546 679
379 858
857 606
498 816
730 922
11 897
340 563
966 667
54 993
665 188
22 259
462 74
319 455
525 664
989 331
774 377
134 638
402 544
538 852
116 888
25 416
768 977
876 850
917 240
498 8
229 136
365 950
896 53
636 64
977 190
872 404
798 691
414 933
990 758
909 884
405 686
545 387
268 878
933 620
420 689
368 706
185 268
259 629
669 34
760 141
605 932
436 187
919 574
995 140
777 65
62 213
688 612
470 719
507 870
273 994
679 350
4 86
467 468
449 161
384 871
344 393
507 983
643 441
792 689
464 994
728 303
565 388
269 199
758 415
5 733
409 508
834 423
361 987
878 548
936 491
443 813
246 210
691 67
299 719
107 120
89 661
161 800
808 165
535 434
847 332
706 540
733 129
469 738
515 62
32 66
348 789
130 64
791 149
371 428
562 127
784 973
698 527
475 410
477 296
336 964
552 456
275 931
41 581
171 530
633 163
432 70
417 502
20 853
404 244
634 575
175 775
896 324
954 70
556 278
923 833
543 40
826 849
893 947
417 208
229 397
65 710
925 672
615 394
746 311
142 578
309 467
324 752
362 591
645 198
536 56
111 200
294 280
773 326
461 410
840 3
997 312
372 350
506 261
472 909
844 221
441 662
518 561
201 737
526 123
982 55
694 635
682 147
353 600
298 412
482 493
651 6
434 328
689 463
630 404
24 464
83 595
320 367
139 997
648 125
252 418
942 643
9 677
213 845
711 66
262 915
53 692
854 548
923 82
852 884
856 111
731 817
625 278
315 758
365 531
666 752
616 623
469 533
148 738
577 324
683 515
706 608
250 420
54 188
988 410
93 58
810 706
460 975
27 724
361 354
75 736
967 364
791 302
885 191
373 459
391 220
414 263
71 884
475 279
612 892
742 491
190 570
497 788
276 467
977 314
206 20
867 890
174 502
884 923
841 795
951 202
555 549
385 301
982 566
280 5
129 929
345 545
470 172
954 973
37 919
519 23
300 335
638 789
825 856
533 407
663 788
411 587
621 574
217 648
522 107
726 283
236 265
759 750
949 104
642 640
868 120
560 313
838 848
802 346
894 940
316 554
317 351
906 492
284 8
968 701
109 29
56 471
311 865
937 306
994 677
260 33
687 762
321 53
210 415
877 24
492 58
5 371
523 762
799 877
877 169
660 561
772 43
956 856
459 784
880 973
338 288
714 774
198 255
670 147
923 62
100 661
84 242
731 797
326 83
620 252
118 977
528 733
657 511
371 503
207 101
709 268
89 638
741 914
661 436
233 395
966 501
608 841
166 805
261 835
297 666
279 542
780 33
818 364
140 832
419 139
646 54
496 822
794 453
546 610
214 732
932 331
573 615
704 506
172 64
732 8
290 23
665 449
940 61
633 437
360 335
345 573
56 968
733 914
974 484
251 679
802 45
971 353
470 135
148 133
533 427
993 702
119 356
525 823
547 707
531 710
932 783
424 970
631 457
902 163
892 27
985 751
967 971
432 412
160 241
766 954
284 509
947 679
626 90
612 25
591 771
9 946
643 719
668 380
937 302
649 98
743 838
601 857
92 852
734 671
221 632
536 556
984 254
26 742
161 569
148 981
792 709
634 130
852 829
288 420
821 582
382 900
900 363
334 555
580 967
688 901
841 437
415 366
329 233
240 828
596 169
339 967
325 125
164 61
120 849
556 553
712 565
107 856
866 802
16 496
413 635
430 843
144 464
221 222
918 236
760 144
978 443
851 59
634 681
140 868
971 79
138 261
102 978
49 166
68 198
310 15
560 822
484 278
964 24
793 144
523 11
500 728
341 604
12 524
436 832
38 532
917 255
901 666
99 518
150 646
395 56
10 61
543 341
716 655
897 355
94 783
838 765
501 791
488 414
775 407
191 220
379 84
548 787
443 474
227 136
837 79
380 378
398 73
275 254
460 258
442 936
555 614
961 412
892 396
753 978
955 320
388 325
344 57
861 620
454 194
924 294
657 165
931 578
380 940
640 917
736 762
762 66
231 133
639 280
472 268
571 552
478 486
143 864
681 457
874 727
153 224
211 22
527 654
352 64
23 895
463 249
144 316
440 995
975 457
983 978
215 324
620 460
868 678
757 257
405 156
7 56
980 544
672 849
859 721
107 596
608 95
1 103
296 45
927 136
729 913
771 660
559 861
656 724
773 419
918 564
854 694
727 72
233 808
342 410
289 14
492 531
309 67
590 236
756 668
168 925
613 53
747 819
604 821
940 442
924 983
483 161
820 955
759 493
216 403
288 32
539 569
958 61
575 148
506 484
677 395
307 237
795 832
599 426
17 448
914 78
165 88
467 843
539 327
378 909
358 52
14 407
236 99
956 546
852 885
732 29
307 312
456 606
239 829
679 560
149 549
132 354
740 546
562 318
429 885
305 815
715 356
295 844
22 140
539 18
724 30
482 897
130 37
334 317
886 382
942 60
211 50
729 75
515 170
366 718
611 565
230 711
478 764
318 785
926 592
179 641
386 509
816 362
348 672
349 738
499 13
864 213
345 148
846 37
152 209
44 39
30 214
286 124
15 678
42 512
974 393
480 605
744 506
350 706
205 197
707 159
636 303
351 316
371 658
636 414
623 128
518 352
419 776
539 743
760 610
906 282
51 385
215 754
620 559
517 164
9 917
673 494
394 729
803 895
420 601
312 834
574 958
84 430
787 211
31 89
5 370
668 214
908 581
485 890
786 105
473 866
341 71
922 601
260 832
562 704
247 976
503 586
486 117
397 89
112 125
813 977
448 95
212 40
112 204
610 71
918 372
350 346
66 693
710 234
948 523
932 176
515 1000
329 93
516 311
295 880
130 609
703 270
631 620
500 146
197 791
97 90
26 86
304 284
657 280
785 483
435 662
27 544
339 370
547 313
720 803
183 189
666 137
337 373
128 775
488 999
620 560
326 687
214 513
587 607
462 415
979 819
323 951
729 856
548 292
695 183
937 951
619 616
370 326
814 739
418 176
917 218
890 992
690 996
34 148
417 8
751 253
474 75
94 784
590 181
577 185
638 641
351 818
788 216
268 649
204 423
260 337
6 336
412 66
260 480
326 403
392 184
820 216
986 192
380 343
273 875
351 54
722 710
616 93
797 184
70 602
101 220
181 659
592 230
973 696
777 436
672 206
571 944
255 699
269 963
23 289
834 302
913 197
2 508
536 604
746 236
236 427
735 899
207 346
874 549
965 650
487 250
145 381
386 97
683 765
631 707
874 436
925 856
578 968
931 647
257 553
188 164
301 387
953 812
464 834
828 500
962 930
746 797
799 277
875 947
782 541
197 195
469 814
880 971
404 867
261 678
353 845
407 616
283 934
486 227
713 61
876 543
408 860
789 368
271 260
728 116
973 804
547 162
824 797
769 236
474 666
435 912
771 554
628 1000
722 68
116 203
957 811
689 405
485 58
767 596
57 291
918 958
262 50
825 806
898 554
239 124
229 182
270 456
822 181
469 517
498 153
644 487
925 180
930 234
713 714
545 633
650 973
552 840
467 779
393 108
146 332
129 698
95 883
556 775
151 573
632 613
372 928
730 62
674 99
722 895
282 559
134 580
639 711
252 701
364 935
810 25
332 325
552 177
557 892
49 889
526 245
527 551
643 443
347 768
701 428
692 148
532 573
494 832
79 722
28 364
412 755
866 114
994 63
889 467
317 842
417 840
929 723
718 686
149 625
575 991
842 74
766 718
386 244
947 432
248 163
924 980
432 282
872 29
384 477
535 415
314 39
215 470
755 709
862 683
314 901
85 966
836 770
548 158
235 397
970 712
310 121
276 313
314 116
263 77
528 226
970 603
721 727
29 688
964 125
330 447
824 680
681 226
921 909
149 279
29 801
788 738
285 471
323 28
400 791
860 301
275 353
648 709
612 670
628 317
837 555
860 476
128 397
578 653
940 292
155 612
263 529
837 956
201 135
470 63
591 717
540 625
812 750
393 136
113 931
935 240
294 248
441 660
856 565
692 475
397 705
492 321
38 253
847 889
169 866
249 460
212 704
242 518
860 768
493 809
425 25
122 181
428 916
857 62
86 344
948 355
240 8
761 474
812 818
50 265
674 719
507 610
143 560
403 927
599 312
468 127
511 59
849 920
776 274
504 843
446 566
969 263
457 123
44 589
814 153
193 593
50 250
838 99
323 830
106 434
300 886
267 327
748 372
504 725
198 341
474 560
129 491
918 149
745 411
29 626
103 289
824 870
662 174
115 175
188 545
928 772
585 435
716 867
211 625
251 556
731 906
90 866
528 92
517 751
440 333
550 247
7 829
51 885
215 62
593 138
746 440
820 935
158 202
15 327
237 819
204 444
132 417
557 384
217 831
125 926
695 833
459 214
208 982
686 847
52 111
398 407
366 267
796 382
155 366
941 771
868 721
860 885
312 835
976 346
423 593
227 80
320 478
862 889
621 384
783 145
559 924
881 211
781 464
472 56
715 84
313 712
188 460
522 572
136 281
394 907
579 527
143 532
294 672
979 408
359 394
533 49
207 353
683 656
596 151
390 946
128 717
454 309
758 231
909 223
527 592
453 227
109 641
352 410
596 117
728 805
710 917
782 518
897 808
41 626
353 800
651 505
874 130
267 496
987 417
366 542
383 580
21 193
629 156
962 865
671 923
874 21
324 118
777 652
569 522
837 304
984 492
661 2
886 89
224 785
444 228
797 706
185 12
565 678
340 879
894 306
572 530
567 333
7 801
524 397
263 443
746 269
328 702
898 758
77 989
314 497
947 199
160 983
824 446
734 833
630 790
186 695
794 822
910 684
12 991
623 167
971 398
221 803
972 989
919 678
276 932
405 760
744 4
503 229
60 598
354 375
317 353
561 707
949 364
956 536
114 663
599 508
82 562
252 521
398 141
860 968
94 252
635 456
411 2
451 977
378 83
160 258
325 968
805 510
576 922
259 470
136 363
263 891
304 765
400 160
607 183
575 597
799 609
140 25
956 92
944 956
140 177
309 870
239 741
866 945
225 63
297 474
923 314
31 809
583 492
258 471
590 335
159 117
396 361
325 413
92 440
917 313
940 878
616 982
477 483
7 470
907 204
103 361
529 594
287 870
369 28
275 614
239 153
150 442
323 914
147 416
348 487
48 491
822 27
159 806
719 641
791 300
337 899
500 585
564 582
970 811
876 988
181 50
844 238
959 487
289 209
164 987
684 749
117 805
208 15
6 342
326 385
740 101
437 747
135 167
964 621
734 607
809 676
238 782
126 15
80 344
137 231
351 21
289 428
53 443
49 888
677 374
517 413
645 232
80 390
49 969
178 815
608 614
366 547
809 96
254 29
762 64
250 284
912 375
306 218
793 532
795 418
546 996
247 697
376 590
810 749
443 12
527 648
25 62
674 540
603 923
175 546
508 605
714 272
278 809
926 645
175 659
822 298
605 90
418 932
573 572
821 902
684 478
797 537
984 852
159 284
200 195
275 755
662 493
336 259
358 692
96 151
594 382
958 999
318 262
319 43
413 50
87 223
270 421
586 746
402 805
699 985
738 929
447 247
765 344
358 918
198 699
517 829
440 127
759 382
69 934
312 26
221 875
864 742
422 2
632 282
985 342
850 29
964 720
553 651
576 548
647 989
887 504
138 703
801 469
855 542
344 272
36 757
847 527
212 22
50 409
602 666
567 668
288 494
52 639
515 865
495 673
723 898
80 640
637 441
784 782
141 191
658 875
328 410
157 873
31 848
89 615
272 65
890 55
455 944
386 217
443 40
619 83
876 322
20 534
594 911
870 800
12 146
699 456
149 999
925 943
233 206
324 19
712 956
250 871
831 445
357 38
86 620
361 163
842 805
328 820
241 469
333 61
872 305
855 408
181 249
205 195
9 296
774 70
835 84
546 1
188 61
159 534
608 458
440 154
539 840
685 714
323 729
441 943
461 443
321 232
454 588
60 702
61 742
722 736
203 368
411 795
319 690
514 936
15 149
78 815
624 685
472 138
400 423
312 819
442 878
387 163
796 29
725 417
178 868
742 896
697 704
554 219
847 626
170 704
613 636
227 305
283 483
213 548
961 868
198 13
715 437
844 535
576 51
870 531
261 866
58 515
330 815
831 908
867 479
106 887
804 500
273 388
554 543
573 273
806 454
782 519
833 753
421 917
79 201
120 22
747 147
344 734
309 596
510 207
628 438
79 382
7 493
266 825
430 524
876 580
145 876
633 457
358 274
197 240
272 617
684 422
650 274
963 233
379 510
443 125
445 743
634 852
447 41
513 955
953 172
699 912
792 110
958 959
261 149
265 210
357 316
843 621
313 190
167 47
406 877
65 941
742 929
154 805
711 562
237 167
682 820
325 369
702 307
243 554
924 793
503 228
750 31
80 381
796 323
781 529
266 320
251 228
658 348
569 207
806 172
739 155
351 65
118 372
528 880
618 772
571 156
209 589
840 289
522 590
407 192
725 69
49 940
865 578
939 619
674 756
914 295
112 155
97 809
95 354
286 356
527 913
14 764
218 859
477 62
991 886
619 253
66 663
126 287
917 614
841 652
334 712
984 317
841 148
607 485
115 210
741 947
906 600
154 229
908 362
750 835
568 939
219 905
736 285
838 593
239 442
477 369
82 131
177 413
305 160
301 820
582 335
261 629
867 951
901 630
488 227
436 835
974 455
498 4
745 29
998 505
266 398
341 970
177 601
472 663
270 462
91 191
220 601
495 39
722 503
794 920
834 733
67 182
878 764
363 799
489 616
697 211
290 651
55 905
132 378
777 875
815 679
281 884
743 747
51 586
972 962
943 421
612 425
795 603
647 730
100 133
833 919
415 890
823 593
643 671
700 980
354 40
830 115
532 473
865 652
612 143
333 922
515 738
52 838
660 517
455 395
402 277
39 584
922 620
644 6
139 842
203 382
790 559
386 801
494 838
960 326
615 574
672 458
378 999
565 691
408 648
451 15
253 586
783 406
930 993
697 986
628 554
809 240
918 306
222 863
889 66
999 189
857 668
508 888
624 177
291 194
588 596
554 580
520 972
944 552
922 716
516 408
719 179
585 798
10 521
722 366
37 524
556 492
979 911
448 581
891 683
900 797
723 402
816 208
907 235
943 665
323 992
968 491
146 859
833 947
261 442
525 521
674 325
894 504
972 546
112 944
853 377
970 26
285 469
894 331
574 340
439 684
674 39
472 627
586 747
953 228
384 825
403 7
613 50
1000 201
551 252
916 335
20 260
759 377
890 760
609 603
428 737
893 499
697 88
816 52
520 874
65 774
807 948
847 891
848 171
317 424
928 243
36 528
473 154
42 129
887 507
853 71
1000 645
564 14
341 403
658 55
930 688
674 153
4 197
886 177
233 703
136 341
856 452
383 153
863 131
596 270
338 522
528 614
766 986
951 636
259 190
619 820
585 996
583 145
571 585
311 370
629 499
478 449
110 850
853 763
782 697
628 701
849 696
813 285
64 292
158 594
583 439
419 2
992 192
554 715
520 631
461 643
334 435
429 421
231 793
508 610
650 187
903 210
483 693
374 850
695 172
609 299
168 719
964 83
12 576
968 150
508 183
401 779
661 93
209 118
730 688
12 727
694 31
732 326
897 319
898 528
132 540
632 338
194 885
103 743
623 28
751 75
842 917
685 713
673 129
747 784
911 187
768 187
106 195
857 461
450 909
237 83
630 554
191 358
748 609
138 677
311 893
422 190
703 283
743 862
375 378
658 392
161 672
184 383
352 993
957 156
151 837
78 863
541 349
943 473
31 755
35 756
700 738
450 785
479 345
173 542
88 74
752 209
455 736
627 819
866 73
667 408
120 603
670 797
532 870
19 653
412 932
1 631
843 456
597 809
819 355
987 645
606 953
275 769
131 947
13 377
418 779
984 576
325 328
152 960
810 964
188 592
267 67
34 330
185 974
632 33
798 280
585 429
379 599
280 101
506 85
779 125
894 304
508 219
608 137
742 836
375 869
586 720
765 786
42 370
256 316
242 109
649 315
382 517
1000 1
907 767
782 505
52 222
406 989
958 158
784 421
319 832
472 841
180 58
217 292
60 592
484 656
947 728
434 445
700 928
802 131
42 182
655 440
657 743
330 845
16 532
117 643
590 323
943 509
907 439
692 179
948 293
662 607
603 283
27 84
374 636
984 113
75 864
174 826
904 786
287 415
244 75
933 489
205 770
520 834
978 514
316 509
905 648
662 400
145 259
718 704
274 937
230 209
136 986
836 523
488 665
657 360
785 307
996 604
607 484
349 404
782 926
979 5
980 298
253 888
733 14
92 442
737 75
330 483
577 546
337 453
779 298
637 722
345 978
348 195
665 135
277 73
540 742
872 989
883 255
276 407
349 551
423 352
478 981
176 35
323 916
436 733
54 4
737 390
538 849
355 519
872 763
409 611
360 431
797 269
767 550
570 110
272 741
741 455
177 600
513 902
716 651
885 890
591 581
794 921
933 646
474 221
976 119
137 11
981 650
863 540
782 754
27 500
890 596
716 504
539 593
260 86
796 416
944 190
714 745
682 75
991 199
893 378
545 849
844 491
671 755
576 585
960 296
156 805
729 29
947 978
558 568
583 31
211 784
342 651
880 46
828 198
409 368
743 469
446 949
843 259
899 117
499 761
596 201
580 694
136 615
265 837
896 797
804 446
143 876
79 98
124 841
567 969
288 785
417 536
680 130
628 376
48 626
325 256
715 952
93 868
855 857
918 6
556 275
650 344
870 503
599 130
581 864
949 972
698 76
113 612
440 692
557 247
6 135
238 837
821 258
695 361
437 9
129 840
497 790
799 257
12 643
509 679
209 299
797 426
930 269
859 145
53 74
864 521
116 750
100 43
7 521
817 645
252 510
750 101
169 982
939 246
264 958
725 344
611 279
398 41
60 536
338 854
800 975
748 909
527 470
660 683
813 485
419 144
223 77
134 694
174 643
848 970
8 129
28 220
356 753
288 369
625 184
544 162
412 722
94 84
714 894
554 775
576 883
923 198
945 386
49 725
489 99
776 484
745 749
504 189
356 934
106 785
491 841
581 256
163 443
37 606
865 53
368 509
676 123
236 946
276 361
295 575
315 453
941 9
395 109
876 610
932 348
801 460
516 659
885 476
375 610
193 914
345 699
970 634
699 168
901 572
115 33
502 104
390 51
10 157
15 674
612 558
220 406
544 838
713 421
417 96
663 787
515 689
211 848
604 777
91 230
842 914
901 367
575 152
906 183
108 547
640 536
885 897
707 417
691 548
667 282
512 177
302 758
218 257
91 565
908 544
649 73
373 675
636 957
640 644
847 975
523 753
486 605
639 617
397 452
736 856
74 339
91 723
790 613
4 186
999 913
195 785
469 466
60 241
649 948
762 23
106 595
89 679
142 475
205 797
900 259
574 510
5 929
796 940
133 725
748 437
435 508
808 98
443 985
45 773
838 66
490 468
309 944
111 516
573 303
704 162
751 910
373 313
379 948
909 813
589 729
63 758
745 491
102 88
304 239
837 27
784 153
992 92
521 986
793 925
998 102
980 501
675 65
289 654
271 522
220 418
849 470
243 67
888 140
822 387
332 955
557 174
941 271
138 76
581 824
394 210
289 1000
728 422
950 487
241 503
681 850
560 109
463 149
518 173
749 705
439 663
133 856
211 876
56 811
238 23
61 292
630 789
725 527
986 456
507 114
894 610
218 195
437 355
167 190
818 929
299 270
981 870
873 933
283 777
509 589
290 583
554 264
275 233
479 9
617 424
989 707
51 270
952 195
269 791
443 969
633 909
94 227
866 264
636 866
516 98
311 614
616 398
504 936
925 562
486 712
444 785
415 708
201 840
628 929
661 390
37 355
122 458
452 809
821 694
771 453
352 347
114 854
460 814
943 835
753 629
240 640
974 623
690 30
49 366
512 834
13 267
805 831
241 966
735 562
676 44
325 410
110 736
491 942
231 96
282 335
505 638
876 539
662 250
598 690
637 322
15 964
399 421
76 758
607 810
723 361
409 753
375 554
765 254
287 752
458 946
755 952
239 11
738 694
25 769
690 565
506 934
611 265
69 869
879 475
722 354
923 921
600 826
765 448
155 218
694 964
825 923
256 362
506 632
903 291
972 877
185 421
170 519
704 903
992 242
337 674
142 821
949 427
237 137
981 821
407 403
372 940
581 286
431 281
969 834
956 584
518 323
591 779
963 656
803 827
476 741
803 865
902 573
227 109
653 633
808 510
862 630
763 156
30 795
363 234
218 697
948 945
101 946
338 548
155 230
970 161
45 683
9 621
691 73
430 31
126 430
658 708
637 802
598 552
947 352
641 989
589 959
606 999
644 704
644 599
741 981
586 194
179 680
747 265
573 456
477 339
599 584
287 950
774 460
856 331
388 742
637 358
582 425
984 936
270 799
419 471
495 32
741 280
766 165
372 460
284 638
109 865
911 387
36 455
314 453
384 645
925 227
449 682
530 661
534 537
918 696
560 388
816 798
746 467
638 733
627 364
846 910
557 553
982 222
489 987
678 711
590 403
494 292
715 106
869 376
583 702
269 434
234 929
4 929
920 554
628 451
526 810
530 345
580 225
696 355
563 171
743 645
723 615
674 600
821 999
97 629
498 716
895 943
400 348
678 131
296 145
113 483
352 549
923 40
691 453
468 997
236 495
737 694
899 195
991 361
210 718
507 330
239 84
895 877
420 117
149 657
26 204
814 157
304 486
250 430
733 339
218 896
224 205
221 366
338 189
507 353
549 353
19 958
426 808
281 43
210 899
176 831
33 922
686 181
619 370
914 864
537 395
756 57
522 465
339 991
182 646
309 287
936 551
758 714
899 58
397 877
323 111
669 837
807 385
208 285
635 646
7 825
618 472
584 72
603 420
841 639
661 945
683 268
846 200
594 353
707 130
981 623
428 417
269 979
761 973
445 930
748 701
985 661
915 190
20 282
815 601
928 307
341 226
108 691
750 307
958 115
541 825
938 514
302 759
971 196
22 758
892 525
911 968
769 807
511 788
61 965
49 901
677 267
532 514
347 844
353 271
498 752
373 964
947 13
765 814
74 419
921 618
630 148
500 505
192 58
571 428
254 712
187 753
636 684
322 804
880 198
270 258
636 459
741 779
564 408
693 936
989 45
115 960
116 431
80 909
615 951
600 372
311 196
231 942
982 866
83 118
788 579
41 630
585 113
162 258
241 603
116 77
328 117
78 1
950 117
241 613
629 954
903 65
651 40
300 410
157 319
33 369
766 253
287 684
842 274
500 625
928 514
341 563
677 905
270 497
989 691
848 297
228 91
749 245
488 424
367 880
117 845
109 473
954 700
848 87
808 741
994 720
262 550
502 955
673 510
995 141
880 539
604 675
865 869
740 419
706 79
450 689
805 361
184 285
437 949
222 437
568 894
26 576
445 394
283 83
770 579
936 359
866 248
944 850
190 678
679 614
863 197
374 703
389 724
839 860
970 29
199 701
613 652
519 866
773 638
481 56
70 170
252 735
678 437
131 818
852 392
28 602
235 134
128 604
292 199
813 355
257 119
853 546
50 785
725 493
343 309
572 910
168 476
746 937
193 831
270 913
382 469
542 605
245 579
323 777
361 94
237 691
850 10
210 365
765 253
181 284
73 675
480 683
246 818
941 370
836 254
144 949
343 56
950 448
793 267
707 205
889 690
567 329
831 212
134 140
11 467
859 183
440 103
371 593
483 139
229 915
857 410
364 766
181 976
865 935
864 734
122 209
327 411
350 840
518 594
483 105
530 370
839 508
108 266
289 416
660 657
52 833
770 692
991 86
919 277
99 933
386 828
366 199
541 436
670 712
325 825
217 416
92 596
724 401
526 395
948 601
217 465
491 222
918 305
95 464
98 340
905 682
545 659
583 319
382 132
719 271
866 849
153 234
644 592
280 739
727 641
429 446
766 377
182 286
718 508
404 780
166 871
563 721
713 220
487 729
415 140
163 255
661 184
738 633
296 540
650 250
906 812
543 17
8 922
225 628
544 828
870 324
410 814
732 381
494 88
591 426
725 996
450 130
734 882
54 256
441 957
92 332
134 360
82 569
925 147
532 43
702 383
835 154
87 313
808 814
751 790
498 920
463 734
251 48
406 522
84 400
640 698
644 210
781 423
912 538
75 204
294 814
787 923
352 550
619 920
731 822
771 399
349 135
900 297
98 393
524 749
856 229
434 903
274 604
960 158
762 211
49 292
265 871
430 171
847 478
101 536
83 5
233 400
327 293
490 1
610 270
650 905
859 533
306 431
418 853
993 239
223 340
232 615
106 64
417 427
896 619
287 826
62 824
456 254
646 380
390 49
216 906
824 585
896 214
613 369
794 573
68 826
270 538
702 569
538 518
251 769
932 786
630 783
26 937
445 929
82 541
356 204
85 394
930 303
380 218
473 424
367 972
75 317
114 285
485 934
985 438
551 451
166 39
722 879
284 182
770 511
757 587
387 167
122 98
710 435
678 93
626 354
520 75
369 907
869 974
284 68
985 193
126 517
677 155
844 700
772 161
139 740
726 696
303 857
162 863
877 452
680 768
697 934
853 299
395 975
692 623
571 598
19 767
349 28
206 447
616 705
827 76
361 694
680 62
845 732
862 330
405 158
128 992
182 343
205 718
900 946
461 676
82 155
979 987
282 361
33 933
235 443
219 990
510 243
520 741
667 630
703 540
763 993
289 652
287 905
71 998
662 335
962 749
870 34
418 91
441 170
3 751
667 660
450 296
747 578
340 884
676 718
990 781
815 937
564 623
858 332
146 576
128 475
169 737
495 313
281 755
980 939
454 642
146 723
498 254
483 366
398 453
721 821
916 258
973 367
446 497
622 110
324 981
809 691
699 192
192 603
446 320
288 110
17 352
369 853
354 227
32 99
53 467
695 900
882 653
69 557
165 26
347 939
486 718
892 581
469 500
363 145
348 747
326 182
835 496
67 802
304 464
835 972
883 644
990 360
387 351
983 737
568 960
511 476
168 334
222 897
766 322
434 689
310 484
221 215
701 749
389 321
90 658
768 913
210 219
896 368
570 267
128 234
775 219
278 608
962 753
451 108
159 295
493 473
257 315
703 698
391 722
656 751
877 627
713 402
345 690
436 847
418 238
863 928
333 449
656 638
252 247
159 566
509 640
275 440
890 881
411 520
637 132
858 211
953 61
57 112
184 161
248 282
678 729
863 727
539 677
223 180
647 726
28 552
890 595
178 631
490 805
273 841
810 112
575 432
748 932
652 355
972 220
612 139
446 719
963 547
268 731
855 625
749 14
515 618
722 966
999 586
514 654
616 492
913 252
218 648
573 2
602 907
624 38
735 882
867 394
452 716
269 818
678 470
58 711
500 208
875 4
415 105
509 286
145 637
628 724
314 796
559 294
824 993
396 266
555 787
710 865
15 949
269 613
726 130
634 583
85 945
940 728
270 797
91 320
456 195
183 272
700 120
541 97
707 906
664 266
234 344
642 995
126 212
8 923
261 311
142 586
439 680
686 49
530 659
811 134
538 594
388 861
897 779
746 465
693 246
36 193
949 28
642 692
826 457
646 212
883 478
643 878
381 731
627 287
51 475
514 961
808 702
647 629
204 203
675 455
995 208
397 332
623 440
871 234
865 684
95 115
834 225
434 211
972 343
776 58
402 183
598 249
446 634
529 294
874 954
429 989
405 90
469 428
383 106
232 940
880 220
408 535
746 701
304 408
191 992
322 881
19 851
794 215
621 122
396 351
480 40
414 271
794 257
988 176
805 582
77 495
798 401
968 444
8 857
138 452
638 35
340 994
34 149
842 821
475 13
242 784
565 588
451 36
309 398
924 765
391 664
345 602
197 729
722 984
370 63
8 518
337 974
907 326
711 692
930 189
968 888
272 959
467 443
752 698
532 200
823 603
510 882
739 900
310 216
426 31
1000 440
826 575
738 671
632 675
926 429
194 386
234 899
437 558
853 246
946 568
468 852
929 718
325 589
754 349
114 764
479 308
212 337
857 28
714 959
877 161
865 569
113 316
656 662
94 209
691 485
365 606
387 68
559 154
355 472
244 871
503 752
822 824
142 478
435 336
334 582
981 485
224 380
408 627
939 945
813 970
178 421
568 549
608 722
650 987
406 189
429 116
802 526
931 974
382 44
221 242
370 524
922 151
447 656
28 790
647 423
1 134
957 943
754 629
529 616
287 904
716 814
497 608
43 412
98 833
64 593
599 739
590 994
183 344
333 75
297 973
245 911
708 41
711 890
909 750
859 911
567 502
862 790
24 110
413 68
125 858
495 312
560 511
617 226
613 609
232 799
830 382
169 898
960 947
889 432
378 264
773 312
274 63
536 790
994 750
597 435
817 851
243 463
915 442
147 804
632 814
869 399
249 398
436 462
443 570
333 834
407 223
579 630
908 608
670 579
437 804
464 910
506 249
817 583
965 883
415 342
677 15
991 675
648 283
580 862
278 37
210 807
83 79
196 726
568 961
957 658
664 640
292 193
98 656
617 608
359 189
301 6
729 626
590 685
240 609
153 46
481 780
261 826
177 400
968 357
989 209
3 556
225 396
737 981
686 243
309 292
384 133
186 571
871 866
840 14
16 560
751 312
474 276
285 858
315 748
307 684
125 141
181 139
682 608
242 939
380 800
803 736
368 541
756 640
738 919
707 92
434 465
195 368
471 711
940 469
213 380
76 4
994 515
636 76
892 166
186 951
217 27
94 307
702 50
208 690
946 448
86 311
35 803
786 25
733 921
713 912
753 52
117 355
668 21
688 891
563 377
342 540
805 412
312 607
304 671
504 666
630 427
973 807
957 418
939 731
689 524
541 547
303 784
876 182
934 978
793 542
130 617
282 29
670 1000
486 981
841 298
623 968
212 752
546 849
999 9
842 196
681 322
475 133
297 585
816 503
248 890
546 704
432 480
590 169
491 911
42 867
663 327
296 655
297 730
651 263
944 267
843 958
231 833
966 764
832 706
349 662
832 752
452 129
550 846
771 527
205 503
727 499
104 726
231 551
604 3
224 735
958 542
730 315
854 607
195 78
693 467
920 113
3 951
152 411
941 741
450 128
488 83
454 696
238 99
369 464
760 735
337 882
446 172
768 212
533 348
249 272
299 314
462 922
33 138
924 738
755 469
829 614
721 293
670 366
15 191
623 330
496 187
795 939
8 423
407 289
265 344
35 846
808 590
147 860
902 540
808 477
972 336
152 885
744 655
126 751
92 907
607 100
409 448
302 154
344 140
145 429
676 719
505 511
732 586
849 802
210 860
541 696
157 867
83 651
908 350
500 534
308 781
41 910
705 439
417 591
73 61
625 760
383 728
131 669
996 821
429 416
323 677
418 851
702 995
831 709
466 167
33 520
806 909
680 497
741 458
812 246
865 498
339 444
605 442
385 292
333 166
410 657
30 222
508 204
797 360
428 269
980 802
677 914
56 932
682 568
258 851
808 169
831 178
369 508
967 990
566 768
129 586
631 365
853 316
635 854
849 523
47 972
551 108
721 257
960 967
298 210
407 468
564 201
641 733
826 716
539 541
422 179
796 484
799 967
621 121
753 1
751 522
554 50
627 536
900 90
887 474
337 864
911 890
329 410
480 675
991 424
773 869
133 454
587 23
58 811
226 229
582 862
140 309
268 450
624 16
990 227
187 754
170 895
944 614
874 491
378 762
714 140
323 752
287 85
131 761
6 519
337 476
712 736
875 860
677 692
953 762
370 412
281 181
465 432
618 246
637 698
260 495
186 122
558 274
462 487
530 935
875 634
90 990
822 391
935 668
186 493
308 22
615 372
341 591
346 247
328 854
955 403
523 119
119 462
599 960
176 282
696 545
324 674
915 769
988 729
664 63
234 852
333 428
336 80
299 100
119 383
768 237
709 652
905 92
238 884
947 513
860 562
240 395
829 687
39 266
100 239
941 975
156 137
855 777
911 11
421 298
754 156
203 238
935 177
739 816
846 628
947 735
765 636
569 209
808 631
887 819
612 145
60 620
194 278
378 235
655 391
145 186
844 508
558 694
575 380
722 992
339 764
286 917
409 941
216 113
1 795
933 178
917 797
700 643
458 18
580 954
61 87
9 740
653 819
247 908
672 997
931 593
87 807
230 705
383 45
3 83
847 370
50 42
492 220
571 628
218 980
40 492
719 308
975 222
415 119
418 697
853 138
75 722
205 543
180 867
842 304
184 954
741 526
82 125
686 266
581 85
448 639
508 423
880 594
223 988
791 478
206 42
64 527
798 494
751 458
879 257
440 558
862 977
668 212
738 707
79 457
195 196
327 453
470 990
771 675
738 690
831 499
765 107
968 211
822 18
399 327
789 971
294 411
204 660
461 138
341 980
514 718
134 893
314 412
812 371
543 749
712 295
270 323
650 347
757 25
369 388
167 201
207 940
977 197
212 982
161 400
380 284
753 286
113 959
789 542
535 923
569 124
904 994
317 414
544 334
937 48
398 193
937 369
208 691
985 29
269 364
201 526
991 83
100 624
486 537
199 892
239 947
922 665
597 25
191 744
72 652
17 253
826 37
995 882
620 29
36 958
18 737
348 888
19 712
484 132
44 609
118 790
106 806
567 599
415 474
552 148
883 610
38 530
3 220
460 989
83 106
338 501
344 638
404 920
979 36
706 820
353 201
180 839
845 627
166 922
763 826
196 489
824 850
914 856
628 500
84 614
536 333
596 367
637 467
355 550
742 182
216 800
214 511
159 426
206 851
212 788
410 860
674 33
547 821
159 571
627 451
39 81
811 248
815 720
937 546
740 177
651 672
720 297
393 176
433 963
450 931
659 492
590 407
973 309
976 487
726 215
623 905
937 476
429 680
920 605
117 725
43 734
606 395
493 690
577 135
794 618
602 754
914 658
363 202
403 81
737 601
592 452
870 671
230 574
154 127
672 347
1000 824
227 927
678 353
349 53
390 601
378 743
801 102
913 816
862 365
232 844
103 123
714 428
127 881
828 436
97 422
309 913
173 9
447 638
948 973
96 122
277 27
827 860
483 810
671 943
429 304
548 186
21 38
633 310
137 569
466 823
185 805
216 460
686 17
391 773
965 416
881 941
254 953
720 493
662 384
875 210
851 585
428 270
509 725
368 983
590 166
940 369
628 315
321 455
980 914
251 770
329 972
346 50
953 10
312 254
848 464
761 977
324 621
109 497
189 295
206 585
959 181
545 65
565 14
329 814
646 321
354 363
928 166
843 821
626 447
921 931
630 607
672 187
29 498
144 516
515 535
933 780
327 237
844 473
938 37
442 873
981 16
250 10
359 732
394 800
532 526
950 789
184 500
52 837
777 353
463 834
36 784
130 333
296 125
559 164
338 488
100 671
429 452
378 793
876 104
844 526
22 822
715 450
156 520
344 792
418 547
990 371
495 152
261 919
995 539
923 342
67 984
625 522
858 689
568 918
383 767
990 429
738 474
150 180
747 136
325 306
3 562
206 207
867 819
393 594
46 372
874 29
488 976
569 969
989 380
189 936
206 126
392 662
379 518
694 211
271 646
188 714
333 73
815 965
543 490
945 847
360 441
470 899
819 850
949 783
876 865
284 905
332 775
314 278
764 770
309 17
422 272
261 30
603 53
768 238
436 916
203 899
475 678
740 250
946 873
449 263
378 423
766 806
859 220
425 936
963 810
198 533
364 805
91 999
826 638
8 401
527 474
910 470
839 276
808 632
131 493
833 219
853 136
263 900
651 227
549 655
911 808
319 129
994 437
208 615
264 345
909 311
527 248
415 562
975 640
611 43
98 106
615 531
743 606
523 865
286 805
782 942
469 497
731 962
791 932
4 298
35 987
69 332
14 711
710 281
53 867
376 342
373 915
126 262
53 916
243 775
695 257
197 57
36 121
699 299
79 5
157 731
874 351
759 425
505 656
258 238
679 934
974 786
978 433
619 417
654 672
922 280
417 336
328 917
519 435
615 266
564 808
546 271
569 598
37 964
722 204
732 656
107 896
658 783
576 855
828 928
794 624
379 256
416 502
149 476
777 771
116 609
66 330
690 784
598 566
993 722
963 889
837 848
454 636
730 826
107 365
137 158
670 368
35 967
17 688
143 400
57 855
166 19
321 90
365 369
805 265
277 864
614 907
557 900
193 599
840 980
674 672
568 419
147 544
830 807
857 760
75 624
583 21
173 328
507 718
993 283
757 802
745 874
538 473
648 313
723 863
960 123
232 962
287 192
325 71
629 100
112 412
847 454
45 840
541 835
323 570
415 106
533 595
457 160
3 364
872 769
836 996
528 61
420 487
414 278
383 695
477 430
28 856
231 835
417 387
788 758
573 564
187 249
978 36
797 608
393 770
674 348
604 29
306 888
57 326
681 796
816 505
150 713
724 678
858 400
350 896
441 80
996 294
686 606
377 850
820 980
604 803
346 95
823 707
402 797
444 349
262 817
673 254
588 495
955 696
962 148
195 125
621 369
927 694
986 30
34 675
825 148
555 15
649 454
743 930
872 153
433 851
568 242
566 388
333 550
355 114
673 329
341 43
806 239
701 283
99 121
815 279
178 888
530 229
329 508
776 61
61 45
999 505
123 732
643 956
316 93
83 698
688 1000
709 530
531 418
164 153
771 499
844 747
259 167
689 558
16 400
749 674
199 641
261 946
776 490
886 453
338 295
661 710
869 536
434 786
148 612
956 243
426 898
151 339
728 850
53 520
419 11
37 600
162 422
150 169
922 190
432 398
641 734
521 928
941 3
689 234
780 135
21 37
412 802
871 855
214 574
65 50
908 594
59 847
479 718
261 391
780 997
143 692
353 375
876 894
381 184
517 726
275 634
337 946
979 639
822 219
73 968
976 791
977 98
390 497
30 510
971 524
756 762
613 95
851 678
48 649
379 185
164 795
402 912
596 774
650 186
851 791
558 758
985 265
184 40
783 605
591 857
26 855
100 836
905 384
659 57
327 95
162 24
683 989
722 875
874 898
433 712
394 862
1 608
200 897
867 11
298 498
139 826
293 200
195 902
883 993
539 317
740 746
550 106
835 694
765 67
643 267
610 234
923 11
140 311
785 46
450 241
2 304
757 794
408 711
430 88
982 901
823 387
473 699
813 745
944 536
746 668
274 975
120 943
162 684
932 408
737 32
439 184
615 3
49 38
784 159
774 510
176 943
642 634
395 610
920 286
413 831
570 482
441 174
333 72
389 310
263 285
160 514
586 584
108 863
660 70
493 275
259 871
367 782
190 269
601 746
341 943
678 550
785 650
976 130
998 567
450 121
38 848
479 230
961 355
212 547
346 809
240 284
536 793
111 491
575 408
209 535
797 142
622 989
147 809
222 303
494 592
665 804
118 332
229 685
455 415
661 784
834 292
672 55
330 260
72 617
415 573
566 663
914 140
662 598
934 203
826 960
852 832
996 500
362 436
469 496
308 562
572 327
22 864
919 210
147 3
406 387
500 474
464 784
84 25
965 880
503 721
202 108
335 392
282 4
506 941
322 773
865 149
503 995
546 840
563 986
451 532
822 549
720 987
37 399
793 801
666 465
638 269
324 189
310 7
466 218
999 341
68 201
996 557
561 120
798 383
546 268
56 512
54 31
989 496
607 929
42 575
149 249
557 140
742 136
786 686
34 75
641 81
863 940
774 151
354 748
741 448
390 140
392 73
518 378
656 897
548 695
843 513
271 40
937 708
186 592
117 812
464 402
930 473
412 1
969 836
388 48
65 163
352 861
237 421
679 338
919 583
131 456
874 986
856 321
236 227
471 772
903 340
496 112
44 942
995 918
728 315
377 467
195 862
652 572
608 963
143 599
149 534
22 780
494 825
596 353
743 466
357 659
955 86
25 172
588 765
990 185
45 822
847 172
477 139
371 440
316 271
686 234
746 724
214 966
552 37
700 229
121 274
233 328
840 480
289 622
163 21
241 885
976 736
277 5
357 855
684 320
991 836
225 429
577 944
449 785
600 591
74 748
146 851
310 230
93 750
668 972
797 528
319 380
46 540
124 379
968 241
72 262
181 236
882 299
140 684
194 873
60 834
295 373
155 638
392 284
321 362
453 937
351 338
143 70
994 546
497 506
562 798
863 811
61 842
619 736
7 156
363 430
787 192
256 648
991 32
333 950
69 592
606 393
401 30
865 529
313 698
44 914
304 815
123 735
86 449
38 292
188 401
62 430
355 416
247 630
313 916
100 354
905 632
636 646
54 633
671 762
946 39
387 64
88 259
72 904
183 908
260 683
887 932
67 911
304 363
94 5
987 558
144 388
202 646
478 747
962 992
135 190
687 509
180 805
767 163
326 559
3 472
760 211
599 618
175 702
548 164
590 795
59 977
428 483
978 9
65 607
591 375
243 29
101 818
475 958
239 73
647 86
794 518
246 895
195 47
108 884
534 588
473 258
459 371
280 350
86 950
333 346
882 49
755 261
612 410
171 212
224 323
63 7
991 757
436 952
159 972
477 621
541 164
639 641
566 537
481 731
587 443
515 678
596 333
311 539
100 522
32 826
394 945
640 953
719 304
661 989
98 55
134 951
571 764
25 714
189 233
801 859
790 201
156 356
620 246
898 102
438 855
775 684
637 597
653 208
107 346
681 671
427 256
889 860
604 305
914 783
899 660
917 412
810 972
517 877
559 587
633 464
746 81
819 807
293 856
590 616
985 274
613 271
445 653
64 357
216 875
555 13
417 148
163 920
254 23
963 97
780 537
450 340
488 31
695 663
114 201
663 844
43 207
427 172
217 458
894 538
623 56
609 922
902 159
134 309
782 449
507 11
384 567
130 888
536 235
845 587
204 41
407 495
797 28
502 770
104 237
912 810
820 163
899 335
351 59
212 659
907 943
549 572
958 480
834 178
833 836
568 26
472 111
554 21
57 539
514 81
400 267
43 846
832 270
601 71
714 814
182 712
165 918
995 859
778 831
908 834
446 897
108 224
771 458
645 557
705 338
923 135
173 284
749 96
735 682
277 270
408 595
136 962
343 541
614 331
573 332
475 129
885 202
724 200
67 583
514 154
883 425
115 851
922 247
729 743
148 371
223 985
845 914
82 11
873 300
269 374
146 876
100 322
977 382
7 89
444 853
323 924
84 619
417 199
747 477
647 9
357 101
507 344
270 548
189 684
271 605
834 675
611 653
689 364
730 880
966 848
931 459
198 853
9 649
38 994
664 397
709 952
756 563
740 152
1000 101
15 54
678 722
293 688
534 854
683 104
976 510
170 77
243 529
687 608
377 519
854 499
929 936
717 777
973 415
262 516
854 98
838 551
416 948
130 638
536 997
276 672
620 756
274 449
57 567
23 350
3 817
99 172
562 556
729 101
216 80
877 357
736 775
420 890
297 241
445 281
585 614
987 254
524 711
451 725
126 465
252 884
97 189
959 337
62 749
301 331
932 243
188 835
316 264
802 707
63 678
706 819
249 708
641 752
58 290
663 323
757 356
723 997
470 543
789 153
992 27
81 796
444 650
121 627
861 375
475 36
93 749
223 834
573 675
137 659
944 109
176 199
726 744
486 484
37 998
759 957
190 488
154 642
581 761
676 515
660 136
219 424
493 329
205 213
741 483
488 87
739 542
777 829
669 247
263 522
546 98
199 392
682 866
994 944
542 398
488 373
436 253
275 185
212 612
948 80
221 914
331 126
66 312
283 243
251 167
131 295
5 258
668 198
854 249
268 756
431 24
605 701
136 350
885 79
212 425
911 659
259 24
44 802
107 194
2 717
218 873
75 800
701 791
67 848
763 415
670 953
175 261
567 519
273 261
3 172
563 996
545 689
165 640
414 792
429 11
175 432
918 49
885 130
457 979
408 169
409 912
449 835
11 964
819 605
468 609
551 710
953 595
18 891
55 407
336 699
758 594
300 30
512 734
141 411
668 977
352 79
101 198
360 320
214 768
627 130
784 7
189 867
815 915
617 120
673 958
272 646
346 142
682 548
111 130
721 970
738 1000
177 920
877 711
34 995
794 985
449 312
566 333
694 822
213 304
341 235
638 627
470 449
184 42
717 832
720 44
631 286
354 358
82 825
873 578
91 525
19 216
883 458
549 744
145 210
468 765
716 143
95 82
278 470
714 757
486 597
400 288
299 998
857 912
969 718
967 431
99 38
437 892
425 796
390 798
790 351
296 15
96 904
710 230
70 65
53 957
185 914
885 68
761 78
597 816
139 504
233 485
162 571
235 147
257 789
865 248
594 982
33 974
239 424
573 408
889 867
549 634
36 294
956 503
713 158
328 124
241 653
390 388
855 336
567 92
135 464
727 282
431 969
858 423
675 167
631 997
719 694
522 222
445 765
160 627
414 808
238 428
709 975
613 224
704 772
376 693
807 128
76 142
5 134
833 525
446 104
412 136
569 507
759 312
959 170
945 777
29 177
413 274
720 8
557 763
89 260
725 361
502 946
107 994
701 464
740 426
887 5
411 110
578 944
820 450
640 632
588 102
570 745
202 172
238 603
957 183
597 144
843 48
455 302
244 515
84 180
175 223
293 160
260 959
190 568
70 18
465 172
383 41
22 209
398 234
944 951
248 292
474 810
370 843
559 411
257 881
738 266
814 79
736 759
897 223
73 505
475 317
809 461
281 228
67 727
158 802
287 986
913 1
736 134
758 619
137 997
559 622
448 738
214 757
628 3
24 433
831 622
154 572
640 130
394 111
858 520
401 825
176 606
898 399
439 557
632 181
483 581
342 280
949 864
320 806
997 84
873 222
198 827
659 439
966 849
4 512
948 638
462 528
447 196
177 928
244 984
286 760
169 592
80 53
559 329
523 373
726 348
104 187
379 99
398 427
864 725
459 139
226 754
264 907
337 555
972 75
114 351
761 744
873 538
160 91
863 499
167 440
943 879
249 429
881 675
269 360
271 494
311 557
155 65
448 501
985 146
992 754
311 578
661 931
757 958
387 114
154 267
692 783
326 5
364 200
886 266
671 627
344 804
607 301
830 516
728 970
568 627
550 647
634 508
512 806
720 953
835 149
326 961
189 539
663 322
996 749
634 734
998 87
926 752
853 944
837 475
313 312
940 980
375 657
693 572
401 916
647 223
262 123
138 445
286 13
348 478
445 692
872 704
673 913
546 129
596 846
401 694
517 512
354 654
426 259
172 803
764 837
398 357
627 455
349 853
388 859
744 169
781 796
696 920
730 964
604 941
552 784
934 401
973 160
298 104
18 347
511 538
627 925
506 390
809 653
207 674
8 428
284 169
645 45
786 231
493 797
169 255
687 869
874 828
428 904
490 549
531 782
522 524
691 399
50 317
973 427
154 367
501 84
653 887
526 511
487 161
469 551
128 765
491 179
74 105
572 248
993 405
331 522
871 396
856 155
869 565
456 440
257 185
633 216
210 123
796 662
952 154
585 93
896 528
533 997
326 557
186 240
107 670
382 276
817 103
925 299
326 719
278 584
564 739
711 908
505 792
270 626
290 116
119 481
904 34
973 98
429 923
414 860
199 478
920 961
467 862
352 346
379 186
342 34
879 249
12 441
351 432
63 460
450 899
80 140
900 176
242 432
216 95
674 517
235 697
201 633
863 459
583 952
778 192
207 420
958 292
373 972
326 50
222 227
23 502
630 182
870 703
411 336
378 805
732 692
911 615
53 779
402 595
495 718
645 567
334 584
64 124
800 416
235 5
474 855
255 206
206 390
301 560
788 996
861 250
76 918
554 514
519 532
421 521
760 275
278 898
634 308
376 28
763 664
233 373
533 904
510 107
849 547
442 139
315 395
436 809
505 42
657 101
690 292
728 591
861 269
976 569
120 255
565 569
474 314
239 254
702 738
595 782
671 173
175 946
626 904
536 416
76 425
422 645
831 299
262 978
343 157
39 132
223 443
833 659
355 755
345 297
826 280
534 985
809 19
599 931
468 545
169 900
665 527
833 445
192 547
946 756
697 414
237 45
208 829
706 212
264 127
462 838
502 947
408 527
753 87
312 875
95 32
155 503
30 917
606 436
971 105
847 938
593 575
334 795
99 178
429 637
654 78
838 731
272 899
807 596
222 76
829 508
944 842
355 365
933 14
202 107
990 192
170 856
60 29
562 507
302 70
106 975
895 77
54 551
326 824
843 494
224 286
481 161
182 411
281 122
559 267
980 316
379 875
823 134
884 912
743 111
641 283
914 881
202 559
724 936
907 248
391 939
162 401
771 537
150 438
90 959
897 83
627 204
940 23
707 804
355 963
95 563
704 754
997 83
708 154
315 81
858 299
420 736
152 308
906 229
655 802
199 422
475 646
372 774
531 865
787 459
646 370
635 789
489 198
88 720
855 808
90 354
109 70
146 464
790 873
719 93
39 287
42 1
316 992
943 325
781 554
194 452
425 145
731 663
215 574
38 93
810 10
350 195
136 92
49 884
431 6
846 266
967 80
218 625
751 585
611 506
39 637
959 572
382 579
790 570
577 47
465 789
340 51
16 281
288 478
472 363
296 57
27 955
586 390
257 946
494 943
856 128
984 373
412 998
490 386
254 379
349 648
743 173
177 212
415 86
359 578
210 916
186 81
397 353
776 703
561 447
375 739
945 88
709 15
271 548
901 957
295 482
723 415
615 213
46 688
283 782
550 832
383 913
976 513
962 556
101 160
48 812
404 473
6 125
390 220
449 560
391 685
674 459
358 672
694 14
110 193
792 2
391 706
167 27
388 836
940 281
160 811
682 864
590 361
707 463
32 341
986 26
53 193
950 625
609 817
795 560
281 974
30 563
307 842
668 337
299 734
13 395
857 152
455 467
701 279
596 563
711 162
658 42
807 655
131 182
888 881
769 71
523 860
875 413
680 669
256 937
888 992
425 806
440 331
669 603
231 334
433 275
490 657
770 946
936 438
758 233
605 462
571 578
348 857
875 72
325 39
515 11
257 783
349 417
559 338
482 514
895 490
254 486
145 594
440 798
112 523
365 951
598 815
712 714
360 15
188 422
508 629
514 64
474 517
153 488
944 301
266 777
512 545
505 573
397 894
674 269
362 865
219 232
719 815
614 51
962 560
779 74
263 309
447 424
105 1
328 800
592 541
24 25
571 755
279 975
284 603
765 46
512 510
56 938
47 743
77 44
613 202
981 630
985 627
957 508
95 664
406 861
25 738
673 158
893 315
472 969
548 929
897 574
261 71
12 959
143 423
327 458
420 760
223 245
740 33
613 829
335 103
337 626
484 743
159 969
60 566
192 742
326 213
881 206
574 59
601 255
565 348
865 562
562 754
781 340
892 569
160 354
758 470
300 666
355 861
302 184
508 981
922 845
526 331
486 772
641 995
92 651
697 799
936 33
305 974
795 358
413 759
305 982
111 526
457 147
990 263
406 180
597 687
249 785
748 333
603 876
624 323
71 696
311 958
405 4
723 121
559 743
373 432
330 363
441 464
483 845
909 517
628 41
793 20
651 210
564 849
779 674
305 402
110 415
275 710
441 178
462 280
466 935
394 216
642 930
627 96
637 7
863 965
149 451
910 526
158 275
517 1000
555 173
960 795
958 826
246 632
912 926
802 286
234 716
459 225
632 599
908 504
251 3
214 117
881 392
5 422
601 825
870 240
414 746
540 504
739 135
316 844
868 353
333 753
378 245
86 290
296 288
459 860
80 407
147 768
818 669
982 360
922 239
550 44
938 29
389 586
174 816
981 160
472 400
491 92
297 299
80 693
745 881
255 28
723 838
724 501
36 23
6 699
408 598
995 570
620 213
468 410
640 655
314 768
6 586
392 970
245 296
447 556
598 740
358 121
784 96
435 704
646 634
280 831
641 282
733 180
182 186
572 886
132 923
701 598
951 876
872 968
391 938
249 527
894 121
491 710
798 355
128 145
310 137
202 782
591 296
479 514
217 567
879 493
368 901
756 280
580 78
546 234
950 328
988 699
641 509
703 896
462 534
449 373
11 458
358 999
142 656
897 157
223 303
80 55
461 486
7 542
319 792
432 756
952 395
346 870
366 349
294 206
725 666
707 355
854 502
527 404
568 219
364 774
386 608
848 187
2 618
859 477
994 380
370 368
83 583
393 457
437 912
178 800
431 246
843 222
257 663
790 571
363 188
352 531
459 713
486 738
342 646
884 561
810 444
792 863
244 912
210 736
482 797
875 222
36 932
370 794
973 945
98 365
226 278
417 627
675 711
107 505
126 295
400 935
737 898
88 16
947 411
362 217
552 41
590 609
41 548
742 364
11 844
710 974
487 323
14 881
591 121
6 961
262 351
928 903
163 230
515 349
104 939
870 19
818 438
954 86
103 679
542 817
358 726
417 224
665 394
975 621
190 495
72 266
723 770
826 255
186 286
185 46
541 532
731 54
532 77
401 581
709 48
985 647
769 646
717 200
506 277
172 988
881 455
683 73
523 480
856 515
263 805
251 203
109 41
833 277
653 514
925 317
838 518
929 826
71 109
701 278
42 279
963 519
625 36
554 232
773 778
959 595
598 241
446 610
18 797
383 141
476 481
517 373
350 478
995 775
83 321
822 852
14 273
456 589
623 791
95 430
984 419
932 131
774 858
649 615
173 353
818 22
526 287
110 62
455 935
496 604
541 802
525 413
823 344
737 31
184 905
439 83
97 440
760 360
262 424
837 44
766 386
215 392
641 721
667 851
68 254
258 430
928 786
802 823
231 755
456 231
663 582
777 531
82 353
444 792
284 549
565 596
231 576
994 555
239 85
665 358
761 780
660 175
755 235
604 363
720 257
367 870
596 924
810 841
959 34
545 490
37 502
432 557
697 23
642 656
147 50
111 365
829 530
740 83
655 138
346 862
574 990
761 821
759 454
463 645
686 968
891 182
621 481
773 76
497 363
600 207
99 11
963 594
514 812
806 12
679 278
866 379
848 786
977 690
598 162
636 849
412 363
865 561
518 547
635 427
468 50
730 397
18 769
365 598
500 451
612 250
544 217
49 669
122 445
486 682
734 92
22 200
155 491
370 802
886 314
301 400
620 242
13 284
396 484
549 186
110 864
491 814
864 324
738 357
689 815
158 698
944 511
239 437
274 859
993 145
645 888
888 441
300 223
317 727
486 246
468 895
2 881
685 204
444 734
284 875
882 864
254 253
261 597
897 117
974 69
347 778
162 109
950 498
628 200
461 159
65 670
15 312
759 535
711 656
379 235
627 385
156 273
708 838
582 939
216 981
610 724
863 762
30 761
859 323
143 442
479 114
427 479
32 13
584 554
434 433
351 884
807 880
496 250
443 511
812 970
374 255
268 552
820 461
753 38
900 435
890 137
412 335
400 271
791 845
652 533
320 214
841 468
142 275
348 764
809 118
293 173
64 43
716 532
726 733
8 902
630 121
580 838
913 865
404 540
940 574
888 759
783 231
922 564
430 232
589 865
764 383
884 867
837 649
486 3
234 56
434 678
879 552
71 671
185 532
352 35
137 921
68 791
353 719
376 792
713 606
823 934
382 338
42 685
556 291
43 496
684 236
120 285
620 666
876 812
181 354
474 284
940 17
444 960
301 969
251 738
307 692
492 648
826 216
29 991
780 569
328 712
721 23
370 127
958 836
670 88
78 52
877 652
532 25
276 991
61 607
443 902
34 665
481 535
937 600
995 725
703 97
501 569
781 727
104 205
199 198
170 472
818 70
166 100
591 909
243 819
13 783
160 461
786 17
588 901
83 567
886 654
766 856
749 406
677 201
880 459
679 431
368 191
648 449
61 116
523 899
286 779
204 451
292 440
973 991
443 828
282 242
649 346
877 387
236 269
455 557
370 795
41 777
268 16
895 99
145 731
865 180
376 466
386 199
758 825
201 6
251 905
917 766
831 77
577 617
908 471
511 289
250 627
989 156
58 302
920 445
758 987
944 259
29 528
374 835
983 851
224 888
833 910
334 237
542 822
375 515
837 762
162 34
272 686
559 274
220 850
641 176
756 381
99 594
542 208
265 132
711 715
164 926
437 398
864 918
179 857
668 542
134 358
604 377
873 840
158 360
566 357
716 306
60 718
846 917
225 989
988 216
419 957
303 410
964 544
695 688
40 674
807 986
591 835
282 739
835 277
359 979
986 139
876 467
700 909
256 542
905 167
283 247
803 437
947 796
344 455
435 815
606 483
165 231
38 127
886 787
636 846
847 511
964 853
187 804
456 912
386 871
776 35
193 151
946 367
940 816
491 406
255 497
554 888
683 532
320 30
715 391
776 257
631 747
858 292
671 592
753 120
361 567
939 328
274 594
667 169
818 531
601 349
487 384
952 689
348 970
961 549
174 186
598 933
129 331
832 822
282 283
94 277
968 342
475 358
662 206
741 591
33 512
275 575
632 18
447 325
141 710
606 522
975 723
335 560
819 895
54 216
111 25
2 575
976 894
746 280
492 720
272 793
772 930
720 371
3 923
243 318
582 829
949 214
789 893
85 400
159 661
74 899
91 867
76 245
169 115
78 543
6 264
545 90
161 337
553 567
61 760
589 547
655 58
179 373
643 706
381 871
423 582
282 630
155 492
999 679
69 686
531 121
18 92
171 338
257 669
188 364
835 559
50 333
692 172
655 472
482 224
190 689
585 100
891 772
972 451
406 505
365 623
248 413
361 132
835 845
92 534
21 509
525 222
836 73
247 710
202 453
330 286
267 894
867 461
931 589
68 430
789 394
407 743
836 939
353 130
698 980
256 205
755 59
773 440
804 216
254 147
771 913
25 23
408 137
154 949
375 677
525 354
405 928
358 445
419 267
43 407
461 956
281 302
253 681
396 553
471 103
366 779
246 813
983 136
140 550
716 517
110 268
536 419
935 357
336 441
246 860
476 328
945 721
582 654
125 849
333 420
134 159
856 815
232 33
878 925
554 959
674 211
969 741
743 915
20 432
539 576
613 863
910 473
541 723
181 739
347 647
539 497
886 808
243 854
321 992
969 908
364 962
175 469
773 816
133 401
373 828
356 558
765 854
70 149
592 500
761 419
541 421
528 524
411 128
31 619
640 922
914 281
425 892
689 543
580 741
240 672
785 12
973 907
689 616
546 979
561 950
112 375
130 74
22 68
631 576
13 319
182 414
58 664
281 127
233 342
556 510
741 566
541 922
138 306
999 339
656 315
931 243
110 462
326 763
954 176
976 536
423 279
387 773
214 83
115 957
414 249
206 895
104 897
751 33
280 364
483 295
474 174
530 464
406 795
741 172
66 500
27 352
213 259
432 758
752 763
363 545
952 124
844 58
701 415
557 731
562 967
381 815
368 466
811 336
420 317
341 385
397 431
800 158
459 715
23 458
61 115
778 845
249 147
799 134
178 177
205 840
155 443
779 953
230 741
946 170
106 927
566 919
109 206
486 962
162 524
804 419
201 309
616 771
880 904
149 867
944 693
961 713
840 486
324 159
383 700
718 343
28 855
917 479
443 360
410 531
709 157
548 285
55 319
298 528
660 294
974 386
133 738
393 845
25 141
350 727
208 603
484 25
307 512
453 770
882 180
304 794
341 865
413 436
433 634
610 865
206 629
1000 70
364 725
950 628
717 855
459 171
96 879
376 924
302 743
911 75
303 963
60 557
260 63
265 327
104 441
571 923
921 888
908 976
792 723
246 499
818 720
428 900
826 787
353 511
99 207
743 526
174 767
321 857
45 323
464 847
32 899
644 906
761 196
999 838
691 177
503 663
822 965
112 288
847 306
631 667
944 627
321 736
99 995
842 158
226 233
738 351
284 911
336 771
671 881
248 401
308 551
680 220
184 907
719 101
796 658
15 866
197 139
225 711
332 678
793 908
386 458
650 527
600 386
55 402
472 345
104 684
360 310
675 33
879 38
534 356
851 480
466 958
173 484
793 545
642 989
385 428
484 174
362 526
565 776
367 243
68 848
116 561
686 637
854 739
158 314
626 834
76 359
459 361
276 801
613 88
290 709
112 314
740 93
9 59
800 794
195 704
252 279
630 353
961 265
502 939
998 876
912 851
521 907
380 435
498 514
230 865
492 36
425 101
522 605
502 117
400 954
213 142
36 649
973 644
460 601
43 579
947 25
929 550
532 645
397 217
457 438
629 296
666 290
960 11
923 585
767 414
749 639
662 798
205 993
206 394
139 511
322 939
36 77
809 562
628 743
684 593
791 239
693 813
840 431
896 577
969 13
289 332
184 935
900 933
888 443
232 575
927 396
20 680
348 205
811 751
439 806
296 560
559 593
376 254
528 139
802 998
305 262
894 64
813 166
337 245
897 909
215 140
732 26
660 367
438 405
248 921
86 667
547 919
253 426
453 696
410 286
685 893
742 886
779 248
319 3
341 967
696 554
863 966
436 484
427 162
301 645
927 593
166 796
806 610
772 534
476 357
200 631
882 79
539 722
521 355
226 747
248 911
215 673
610 581
886 958
562 800
308 436
481 533
528 242
553 675
492 249
402 145
847 769
132 58
902 578
463 520
834 140
503 283
895 565
623 506
203 455
222 417
957 178
351 199
248 732
265 744
286 898
892 489
794 485
736 881
114 617
762 60
84 32
771 48
98 324
120 756
69 197
469 731
933 364
776 425
481 165
525 82
657 52
89 936
921 285
462 191
391 129
214 812
434 676
715 573
384 369
404 892
376 171
361 441
604 275
76 660
438 87
265 581
719 962
280 945
57 129
172 391
608 69
555 718
895 611
336 376
98 891
479 663
853 823
289 790
937 898
323 19
417 74
860 346
399 334
780 16
773 445
100 455
393 929
824 507
287 517
276 874
869 405
82 585
94 652
5 229
464 393
820 397
324 941
865 947
259 614
541 68
321 161
968 664
471 575
347 629
994 648
49 799
341 31
425 44
557 875
887 484
48 773
252 573
130 747
43 634
232 383
178 223
30 772
914 235
623 655
2 465
238 747
709 550
545 589
982 762
434 4
239 811
574 464
813 520
10 887
374 362
526 407
36 935
572 209
349 40
153 837
746 588
182 456
942 54
232 857
28 690
767 39
23 905
871 69
448 549
33 905
861 431
292 894
448 161
708 294
567 253
917 478
794 267
64 612
498 377
491 5
232 480
485 271
720 506
423 395
635 637
413 145
343 208
471 415
272 831
223 622
307 333
617 23
856 889
873 189
164 920
826 365
720 280
369 462
780 717
228 7
546 124
514 434
54 399
650 142
320 549
507 201
766 624
789 569
601 965
772 268
41 286
152 929
999 701
804 957
454 882
751 760
293 432
297 53
100 910
504 527
720 242
66 419
97 896
331 557
479 362
961 255
784 592
157 515
969 724
735 933
779 855
65 339
891 747
340 83
364 297
383 31
829 145
478 289
713 540
875 191
822 986
418 532
456 735
365 657
874 509
542 400
642 487
888 305
736 402
359 196
296 710
121 311
893 657
732 785
608 732
272 351
845 526
67 909
600 387
432 21
201 782
512 782
628 465
99 773
533 194
382 360
21 414
349 609
408 77
928 350
148 524
322 165
153 145
203 688
257 376
149 314
243 147
453 975
640 167
162 183
695 323
988 719
419 732
885 881
264 667
787 297
114 47
775 440
734 997
317 697
240 409
316 582
794 850
651 711
263 757
252 272
577 186
609 849
939 192
482 301
70 517
580 402
730 199
477 614
344 713
53 607
268 519
397 357
109 155
593 726
929 868
635 63
450 721
276 374
550 4
308 695
293 37
886 236
62 482
579 532
88 89
179 130
492 132
700 352
174 907
269 909
236 448
153 908
943 189
250 356
35 336
352 316
743 352
159 219
196 741
801 973
732 983
680 42
754 871
174 212
918 215
206 165
724 802
214 880
324 208
132 931
349 675
979 852
397 246
505 989
785 755
660 505
608 954
382 309
129 119
348 381
870 478
661 790
968 488
215 143
751 297
112 920
684 406
925 678
854 546
972 665
720 450
538 767
940 191
873 228
983 123
894 690
403 223
423 32
299 94
871 678
132 374
425 388
377 899
379 93
455 224
294 863
501 546
48 572
322 183
964 634
490 821
859 324
164 694
735 313
241 45
95 926
705 894
108 283
551 411
679 166
847 768
579 978
800 5
19 363
368 7
136 397
84 323
1000 716
549 987
649 881
245 240
282 874
672 446
840 770
437 858
459 702
351 996
626 498
317 820
982 590
362 463
531 482
300 356
74 91
311 282
813 692
192 130
945 452
909 97
473 671
771 436
224 275
192 305
619 122
974 1000
374 600
768 633
534 80
385 47
850 221
728 641
309 696
921 62
49 203
826 137
722 50
228 959
543 32
211 587
756 501
613 300
372 510
233 912
786 678
453 667
202 98
404 433
651 976
432 906
345 415
181 1
169 713
521 444
501 740
63 45
695 386
910 750
471 728
863 586
868 92
69 945
860 744
699 682
246 715
891 130
696 916
471 574
899 537
293 266
277 917
61 830
493 819
868 257
504 756
925 783
878 734
915 336
313 678
155 71
809 299
268 350
602 795
623 654
973 843
399 972
321 748
585 623
361 713
115 760
22 772
44 708
830 959
905 580
871 273
249 2
191 867
140 247
877 384
630 88
474 1000
120 785
652 282
966 446
328 616
455 959
33 223
533 602
607 457
277 156
444 419
466 39
474 56
76 810
663 344
793 39
392 712
319 279
598 998
662 259
684 463
723 275
724 568
708 453
119 539
580 31
968 249
522 854
973 120
394 536
411 627
945 543
379 295
489 683
364 561
881 665
309 80
60 858
869 392
63 65
691 936
935 13
494 327
946 806
378 484
214 70
844 201
517 189
21 942
18 746
82 844
454 992
184 132
889 752
795 932
895 639
790 761
924 119
356 529
394 818
622 780
455 351
666 554
117 332
856 468
914 204
319 411
535 284
147 583
776 181
652 472
763 295
28 852
468 137
469 432
397 179
861 974
952 598
614 206
114 769
922 882
771 897
469 545
473 678
239 703
224 364
560 726
353 72
192 202
447 898
766 676
322 837
606 973
610 400
225 118
633 113
870 838
27 696
161 21
107 374
129 328
314 121
44 349
806 10
295 556
177 469
585 464
270 858
107 660
951 161
310 43
112 750
441 296
471 92
879 323
221 581
873 126
125 217
681 871
367 140
742 840
746 263
159 624
163 629
203 512
864 966
149 426
869 91
597 154
827 461
559 983
610 961
328 515
503 889
807 896
125 940
56 141
147 54
646 172
426 3
172 254
476 925
441 710
131 507
630 597
407 350
643 596
146 164
682 498
673 986
316 788
46 555
895 992
400 295
682 389
442 750
580 931
522 554
636 988
622 667
787 962
740 610
880 28
9 582
748 21
808 194
439 380
995 692
679 638
407 770
981 489
286 721
73 228
236 336
787 672
749 619
705 511
762 248
552 558
898 126
365 773
314 873
562 51
729 610
896 579
895 437
110 727
257 888
905 975
376 145
505 627
768 525
182 211
572 879
332 708
650 545
138 285
727 461
124 614
380 728
732 101
680 472
864 21
72 302
427 873
966 578
346 331
457 722
523 19
390 14
267 849
965 394
37 935
350 323
874 575
287 547
977 69
727 113
855 60
17 928
345 307
882 250
4 698
189 610
975 839
906 346
680 973
882 77
834 1000
910 301
969 855
70 66
772 310
204 176
136 80
262 528
30 460
95 46
117 738
78 792
463 522
338 305
531 150
329 466
717 639
558 701
260 128
902 723
9 640
527 194
805 492
278 356
904 947
62 415
302 366
31 596
32 862
318 422
143 634
727 868
882 934
60 164
577 502
795 59
610 118
994 153
252 599
783 699
202 484
211 14
139 285
430 236
93 78
97 395
124 932
781 596
567 874
594 836
173 71
746 923
984 556
180 997
982 215
664 938
77 427
300 78
374 891
638 20
198 710
487 568
589 464
275 632
920 323
860 165
149 256
651 66
300 364
730 713
788 425
437 5
77 30
650 438
815 848
397 919
125 882
769 268
829 884
557 421
717 885
85 484
211 793
440 159
696 695
163 666
846 957
207 945
388 253
928 282
88 551
621 643
366 358
740 23
338 979
924 846
1000 508
449 106
913 475
968 446
338 866
435 62
323 640
651 487
132 24
635 9
839 387
857 305
952 861
860 958
757 534
761 467
246 5
835 744
164 280
204 521
63 551
246 180
446 986
416 537
239 821
757 808
919 9
245 233
182 607
240 145
980 120
304 489
110 941
715 765
761 15
62 868
183 976
8 110
214 846
324 154
737 103
828 282
921 104
599 601
159 232
72 194
881 860
805 550
37 652
387 981
998 217
768 868
978 173
802 159
336 676
271 704
474 508
530 225
871 523
568 468
259 793
8 796
926 183
820 990
712 255
713 522
385 615
260 373
670 184
104 15
470 66
167 230
150 912
349 770
479 708
569 52
554 288
298 226
543 1000
912 874
623 350
420 434
683 221
422 131
722 893
298 736
382 647
429 558
394 819
291 597
42 551
221 652
61 35
118 60
445 452
249 195
479 526
568 329
75 843
246 144
303 843
199 746
385 349
666 717
615 674
27 925
841 353
426 355
257 912
794 169
175 498
287 212
532 945
884 816
81 709
100 700
970 825
883 504
684 767
909 906
393 925
335 798
837 440
729 807
713 234
167 753
495 228
423 331
850 53
488 782
16 997
681 981
298 755
370 4
45 358
908 688
233 990
876 880
219 31
223 575
869 201
63 134
259 300
659 445
160 951
900 766
121 994
137 482
160 845
753 322
56 142
275 108
978 586
445 804
229 989
125 540
106 977
664 380
648 833
869 653
748 594
514 950
130 911
683 825
479 426
890 271
891 58
138 766
565 309
506 650
536 549
412 352
681 185
296 217
26 494
833 22
355 374
199 825
771 328
934 820
238 673
672 259
946 158
641 884
292 508
938 586
758 91
540 266
338 366
466 315
430 102
958 218
490 256
650 893
572 104
887 530
88 488
822 599
515 109
258 478
851 69
979 120
616 862
709 431
935 989
779 305
743 64
344 19
196 389
586 781
900 823
906 692
944 304
249 629
968 453
751 442
272 460
881 830
408 60
172 45
229 428
447 357
735 534
271 651
962 622
194 900
360 420
267 848
654 924
55 657
719 702
578 574
926 124
203 559
255 588
375 229
584 482
323 342
363 805
329 917
646 254
151 692
458 430
985 706
407 415
817 830
285 831
950 563
613 854
475 593
612 54
597 326
299 655
803 149
251 246
507 864
952 211
670 573
428 952
575 352
617 594
636 882
566 877
805 491
628 770
787 137
710 280
248 574
435 266
443 258
4 285
244 954
302 222
657 61
571 531
532 779
519 851
829 215
248 300
272 108
383 422
705 474
124 822
106 857
755 588
24 620
222 627
926 525
728 788
179 604
606 789
681 738
759 56
421 935
741 562
614 256
339 290
35 777
362 897
400 750
55 422
457 915
976 653
791 466
260 177
733 831
845 933
132 784
439 948
195 176
803 433
702 793
650 292
552 542
578 177
55 299
704 713
686 342
394 329
52 365
200 440
342 989
109 830
517 822
593 80
351 352
8 346
209 335
449 504
195 268
983 383
933 518
915 7
274 133
682 774
829 597
425 375
544 747
962 54
163 823
308 420
40 602
302 574
492 216
826 648
498 585
523 728
504 758
156 903
655 495
35 814
308 762
237 300
667 309
939 552
373 796
986 581
866 175
153 552
999 969
467 200
69 388
956 924
465 927
322 716
107 110
415 707
932 149
550 300
618 484
197 113
251 757
296 994
939 915
184 772
524 990
541 856
951 441
666 655
810 875
46 473
249 723
927 432
326 569
974 885
991 825
853 952
656 396
196 477
785 552
442 520
443 364
499 601
805 694
24 405
480 727
10 232
70 31
916 148
935 344
152 121
689 310
360 508
142 596
272 818
517 520
663 798
850 771
686 613
726 443
366 33
356 223
11 492
233 684
929 155
994 585
777 181
869 263
428 723
458 410
220 813
792 342
725 696
363 523
489 852
532 280
437 732
350 791
737 840
482 503
959 891
891 17
782 160
624 692
271 421
700 633
5 265
67 148
593 632
303 997
805 419
808 345
347 993
921 670
829 61
443 750
672 504
247 584
385 452
253 651
731 775
643 169
573 56
776 262
325 159
805 133
553 180
862 462
3 151
480 216
652 312
801 806
770 175
956 134
889 221
658 632
20 545
112 514
205 731
633 224
505 597
913 590
701 551
150 279
945 125
664 995
650 666
577 874
952 413
230 414
127 552
935 751
918 923
833 877
103 563
289 979
332 791
777 614
187 18
381 318
747 885
752 857
842 899
57 73
649 269
9 174
708 872
587 617
989 833
80 245
371 534
337 730
179 268
268 988
655 144
590 473
398 107
63 439
59 57
152 529
725 348
414 753
111 691
994 335
338 811
377 695
952 167
155 400
17 407
408 820
995 984
273 190
265 347
126 391
142 424
75 967
974 753
990 882
574 495
117 64
282 616
563 90
526 338
952 739
348 820
40 509
277 496
276 656
927 362
452 778
434 813
399 781
603 638
718 613
274 962
261 812
196 56
687 298
214 772
586 187
932 387
58 368
314 2
870 243
796 754
68 329
984 594
272 446
534 58
614 244
104 637
836 182
417 320
533 882
918 820
996 572
567 87
897 79
402 551
384 38
721 771
656 754
458 798
842 852
960 252
389 477
703 825
432 624
731 116
449 935
886 656
727 332
907 737
268 881
457 163
789 525
557 609
815 525
506 343
716 454
761 731
557 754
248 770
924 155
14 151
477 583
60 465
265 643
32 114
325 909
491 311
735 216
494 718
408 973
429 629
526 157
868 742
696 328
535 721
238 723
95 206
634 156
275 347
106 533
179 227
959 659
793 611
576 797
44 739
482 880
190 545
396 160
14 723
53 887
496 700
784 953
895 785
936 4
934 563
701 796
794 238
408 605
193 749
188 432
469 840
589 795
555 919
535 149
352 74
561 314
604 133
744 608
591 98
372 180
210 59
504 484
675 415
788 76
556 394
667 547
546 400
308 286
510 361
702 823
334 155
262 148
210 349
176 213
841 709
241 561
774 243
133 649
290 436
901 756
78 271
157 107
825 938
642 560
627 498
981 567
858 162
682 884
734 895
355 868
884 511
548 777
585 909
630 753
332 396
7 676
602 94
307 886
551 43
165 380
601 711
187 796
114 340
429 695
835 460
229 613
70 683
170 341
562 595
304 943
700 74
32 158
1 961
218 633
934 147
592 326
994 486
136 428
389 518
969 572
735 77
536 653
596 261
193 318
143 600
539 111
939 713
724 417
47 444
838 473
93 142
430 207
59 258
41 883
499 715
580 672
283 730
340 281
514 338
914 536
643 106
519 967
596 74
135 830
945 374
14 969
127 832
185 713
118 525
525 451
585 168
144 290
474 553
11 737
46 329
451 283
324 43
111 813
874 89
214 558
505 922
825 635
608 101
537 47
794 646
723 276
45 256
284 984
211 616
996 877
50 662
785 841
789 897
355 597
46 922
530 883
899 270
676 50
343 236
613 222
114 559
143 437
964 264
358 555
236 633
309 93
845 59
226 589
816 400
962 377
548 734
627 383
590 369
167 224
322 75
86 16
234 783
42 90
812 618
13 587
855 964
414 666
539 527
151 989
78 807
373 733
933 795
751 516
578 90
27 192
937 458
341 416
507 920
754 443
434 85
808 346
725 251
422 841
17 212
121 104
529 49
469 558
703 306
3 150
427 741
783 143
359 115
932 25
348 960
758 799
250 344
509 307
352 114
465 309
438 2
254 121
2 868
684 648
816 272
284 798
102 61
822 282
237 730
727 205
595 140
244 294
489 473
955 276
119 587
871 984
431 831
717 306
968 792
259 887
81 417
963 31
981 847
660 37
661 332
734 155
502 642
252 445
539 717
479 246
137 113
321 252
87 493
476 920
204 143
960 981
458 234
948 62
17 372
489 823
759 76
905 197
122 883
375 327
982 469
640 662
568 504
507 932
938 790
145 9
341 309
839 218
424 63
300 658
338 477
585 548
658 808
566 929
880 152
53 786
390 720
311 306
758 89
616 674
447 850
309 797
680 927
643 21
225 38
117 240
240 942
945 301
853 684
340 337
913 41
1 501
827 833
19 892
444 503
652 172
378 639
842 270
516 579
634 684
743 66
267 487
625 871
741 621
528 128
287 889
805 764
555 729
93 698
741 766
103 449
38 640
718 38
77 230
594 16
100 345
128 60
76 418
78 304
850 825
65 663
392 481
923 911
375 886
506 515
983 119
15 257
641 242
882 358
475 772
646 109
833 618
281 707
392 441
704 909
1000 116
375 148
657 725
929 40
971 437
226 740
941 961
285 829
577 373
694 667
795 442
95 922
82 787
319 706
655 100
750 162
517 3
613 682
904 478
359 614
285 607
198 288
716 165
717 636
333 883
781 287
877 644
765 848
839 41
491 455
697 752
862 218
511 904
810 305
443 696
444 87
853 509
912 481
133 991
753 825
348 874
867 414
631 681
889 442
173 273
301 348
84 924
585 849
474 816
623 965
666 730
652 193
11 715
358 230
657 349
35 193
589 794
704 144
689 844
232 753
728 790
513 446
897 799
684 705
866 700
653 378
196 507
483 657
357 136
853 787
567 5
917 54
251 108
162 641
224 706
78 157
751 89
444 991
926 463
12 571
592 733
664 250
350 765
119 988
869 15
731 34
238 86
789 846
918 674
281 735
818 347
530 558
571 346
584 367
751 781
402 972
354 437
326 392
225 282
522 40
930 470
289 454
570 945
479 95
815 401
804 902
180 152
329 610
243 824
608 800
198 268
95 156
853 32
47 89
748 186
587 124
344 891
504 650
348 868
959 692
448 126
191 798
348 735
331 395
683 702
929 789
575 612
905 584
601 473
784 791
640 672
109 530
183 783
758 129
106 808
996 596
608 570
44 486
440 779
921 252
373 463
102 135
325 364
491 636
591 65
639 512
128 855
242 653
685 13
46 697
339 433
254 828
239 200
334 244
137 664
524 284
197 580
881 947
94 928
20 67
849 157
632 219
885 759
228 814
615 434
565 745
472 728
497 827
704 727
299 13
797 262
285 82
894 718
536 16
596 896
392 264
191 152
531 791
38 773
857 65
890 532
411 661
319 804
858 54
809 618
935 158
208 791
606 324
155 360
412 121
948 91
553 621
113 635
238 831
612 200
340 300
238 712
496 57
578 91
763 221
191 604
29 401
32 187
496 392
369 926
776 42
208 540
624 916
848 588
667 384
417 909
537 940
274 570
495 700
98 406
787 648
98 265
960 84
45 782
248 358
193 571
909 165
453 249
192 381
373 117
426 774
408 261
7 359
25 768
816 273
505 964
864 13
224 940
243 120
685 113
297 944
119 725
971 185
823 999
699 189
353 633
337 28
390 38
998 331
381 331
534 745
849 249
461 243
337 941
873 243
450 324
712 143
987 23
110 234
459 414
591 409
479 979
794 957
980 928
216 697
640 43
270 410
553 798
551 831
886 650
833 574
959 42
686 758
47 620
127 108
691 129
867 406
489 532
399 203
518 479
256 331
797 12
90 481
592 82
789 600
685 399
190 975
48 996
13 622
964 658
17 363
327 82
152 898
820 497
986 793
218 399
511 774
402 310
630 472
498 655
212 353
527 234
765 843
269 166
435 130
734 298
23 411
596 463
463 848
9 761
891 797
286 827
607 73
147 615
120 623
25 290
378 811
624 15
307 365
738 27
921 489
574 493
443 893
26 143
463 118
175 290
947 317
952 741
183 887
300 945
28 576
845 715
572 5
455 899
359 231
344 516
533 926
870 241
818 276
806 488
839 686
2 841
166 988
979 859
873 316
410 546
845 334
72 1000
951 129
96 131
243 84
617 807
673 629
746 69
470 973
842 624
223 655
99 949
284 513
979 14
142 611
346 198
897 254
288 858
629 569
479 934
851 627
885 178
12 255
184 49
665 763
65 519
446 132
677 776
623 76
445 980
194 212
765 299
571 360
476 890
313 322
317 282
725 653
911 24
401 295
898 943
845 292
683 137
578 481
262 532
856 707
415 770
844 412
113 238
556 552
248 777
382 706
847 956
973 721
558 705
209 812
672 68
251 489
568 405
566 864
536 691
669 617
602 700
785 116
749 315
745 888
192 104
374 808
567 723
70 9
416 608
176 572
856 174
729 416
567 251
27 759
917 738
573 320
41 567
225 178
119 974
126 18
914 724
55 50
187 122
979 902
266 871
813 87
187 235
262 251
885 832
246 504
72 57
789 250
846 453
727 322
90 901
715 870
893 39
548 454
687 167
655 903
881 752
475 867
958 844
11 44
325 962
911 350
34 830
626 132
229 454
223 278
280 482
725 560
427 277
798 804
583 566
983 376
404 350
165 489
310 706
523 511
997 396
52 61
627 643
421 192
207 723
672 130
820 58
269 268
674 366
125 690
530 243
986 977
223 760
130 741
866 315
614 901
204 542
706 464
139 881
433 412
382 585
995 786
965 694
911 560
683 689
540 222
410 55
878 513
110 966
1 530
83 394
763 636
800 482
857 759
362 191
895 107
2 124
351 741
853 611
103 68
486 84
487 485
326 941
405 466
409 23
234 4
732 779
533 982
861 425
98 567
427 663
528 186
125 494
107 687
950 225
932 340
65 73
993 834
978 22
569 272
149 191
632 109
478 933
561 151
30 210
432 845
803 430
293 772
668 880
508 47
848 41
953 142
721 986
764 856
